FINAL 
[ 3.000000 1.000000 1.000000 1.000000 1.000000 1.000000 1.000000 1.000000 1.000000 1.000000 1.000000 1.000000 1.000000 1.000000 1.000000 1.000000 1.000000 1.000000 1.000000 1.000000 1.000000 1.000000 1.000000 1.000000 1.000000 1.000000 1.000000 1.000000 1.000000 1.000000 1.000000 1.000000 1.000000 1.000000 1.000000 1.000000 1.000000 1.000000 1.000000 1.000000 1.000000 1.000000 1.000000 1.000000 1.000000 1.000000 1.000000 1.000000 1.000000 1.000000 1.000000 1.000000 1.000000 1.000000 1.000000 1.000000 1.000000 1.000000 1.000000 1.000000 1.000000 1.000000 1.000000 1.000000 1.000000 1.000000 1.000000 1.000000 1.000000 1.000000 1.000000 1.000000 1.000000 1.000000 1.000000 1.000000 1.000000 1.000000 1.000000 1.000000 1.000000 1.000000 1.000000 1.000000 1.000000 1.000000 1.000000 1.000000 1.000000 1.000000 1.000000 1.000000 1.000000 1.000000 1.000000 1.000000 1.000000 1.000000 1.000000 4.000000 ]
[ 3.000000 1.777939 1.206455 0.909691 0.763390 0.697289 0.673276 0.665682 0.663984 0.663660 0.663627 0.663624 0.663624 0.663624 0.663624 0.663624 0.663624 0.663624 0.663624 0.663624 0.663624 0.663624 0.663624 0.663624 0.663624 0.663624 0.663624 0.663624 0.663624 0.663624 0.663624 0.663624 0.663624 0.663624 0.663624 0.663624 0.663624 0.663624 0.663624 0.663624 0.663624 0.663624 0.663624 0.663624 0.663624 0.663624 0.663624 0.663624 0.663624 0.663624 0.663624 0.663624 0.663624 0.663624 0.663624 0.663624 0.663624 0.663624 0.663624 0.663624 0.663624 0.663624 0.663624 0.663624 0.663624 0.663624 0.663624 0.663624 0.663624 0.663624 0.663624 0.663624 0.663624 0.663624 0.663624 0.663624 0.663624 0.663624 0.663624 0.663624 0.663624 0.663624 0.663624 0.663624 0.663624 0.663624 0.663624 0.663624 0.663624 0.663628 0.663672 0.664106 0.666390 0.676601 0.709080 0.798790 0.999359 1.411461 2.222424 4.000000 ]
[ 3.000000 1.979321 1.249222 0.798832 0.552889 0.442276 0.399465 0.386930 0.383862 0.383373 0.383313 0.383310 0.383310 0.383310 0.383310 0.383310 0.383310 0.383310 0.383310 0.383310 0.383310 0.383310 0.383310 0.383310 0.383310 0.383310 0.383310 0.383310 0.383310 0.383310 0.383310 0.383310 0.383310 0.383310 0.383310 0.383310 0.383310 0.383310 0.383310 0.383310 0.383310 0.383310 0.383310 0.383310 0.383310 0.383310 0.383310 0.383310 0.383310 0.383310 0.383310 0.383310 0.383310 0.383310 0.383310 0.383310 0.383310 0.383310 0.383310 0.383310 0.383310 0.383310 0.383310 0.383310 0.383310 0.383310 0.383310 0.383310 0.383310 0.383310 0.383310 0.383310 0.383310 0.383310 0.383310 0.383310 0.383310 0.383310 0.383310 0.383310 0.383310 0.383310 0.383310 0.383310 0.383310 0.383310 0.383310 0.383310 0.383310 0.383314 0.383394 0.384049 0.388153 0.404987 0.462517 0.611914 0.945423 1.561527 2.570759 4.000000 ]
[ 3.000000 2.011726 1.223766 0.694069 0.399662 0.260925 0.209302 0.193441 0.189911 0.189310 0.189250 0.189247 0.189247 0.189247 0.189247 0.189247 0.189247 0.189247 0.189247 0.189247 0.189247 0.189247 0.189247 0.189247 0.189247 0.189247 0.189247 0.189247 0.189247 0.189247 0.189247 0.189247 0.189247 0.189247 0.189247 0.189247 0.189247 0.189247 0.189247 0.189247 0.189247 0.189247 0.189247 0.189247 0.189247 0.189247 0.189247 0.189247 0.189247 0.189247 0.189247 0.189247 0.189247 0.189247 0.189247 0.189247 0.189247 0.189247 0.189247 0.189247 0.189247 0.189247 0.189247 0.189247 0.189247 0.189247 0.189247 0.189247 0.189247 0.189247 0.189247 0.189247 0.189247 0.189247 0.189247 0.189247 0.189247 0.189247 0.189247 0.189247 0.189247 0.189247 0.189247 0.189247 0.189247 0.189247 0.189247 0.189247 0.189247 0.189251 0.189331 0.190132 0.194851 0.216045 0.285219 0.471294 0.867586 1.582825 2.652412 4.000000 ]
[ 3.000000 2.006966 1.186468 0.625927 0.305084 0.156269 0.099505 0.082823 0.079018 0.078417 0.078357 0.078354 0.078354 0.078354 0.078354 0.078354 0.078354 0.078354 0.078354 0.078354 0.078354 0.078354 0.078354 0.078354 0.078354 0.078354 0.078354 0.078354 0.078354 0.078354 0.078354 0.078354 0.078354 0.078354 0.078354 0.078354 0.078354 0.078354 0.078354 0.078354 0.078354 0.078354 0.078354 0.078354 0.078354 0.078354 0.078354 0.078354 0.078354 0.078354 0.078354 0.078354 0.078354 0.078354 0.078354 0.078354 0.078354 0.078354 0.078354 0.078354 0.078354 0.078354 0.078354 0.078354 0.078354 0.078354 0.078354 0.078354 0.078354 0.078354 0.078354 0.078354 0.078354 0.078354 0.078354 0.078354 0.078354 0.078354 0.078354 0.078354 0.078354 0.078354 0.078354 0.078354 0.078354 0.078354 0.078354 0.078354 0.078354 0.078358 0.078438 0.079239 0.084312 0.106583 0.182365 0.381355 0.810692 1.562283 2.664154 4.000000 ]
[ 3.000000 1.997536 1.164902 0.588425 0.260036 0.105934 0.048196 0.031073 0.027267 0.026667 0.026607 0.026604 0.026604 0.026604 0.026604 0.026604 0.026604 0.026604 0.026604 0.026604 0.026604 0.026604 0.026604 0.026604 0.026604 0.026604 0.026604 0.026604 0.026604 0.026604 0.026604 0.026604 0.026604 0.026604 0.026604 0.026604 0.026604 0.026604 0.026604 0.026604 0.026604 0.026604 0.026604 0.026604 0.026604 0.026604 0.026604 0.026604 0.026604 0.026604 0.026604 0.026604 0.026604 0.026604 0.026604 0.026604 0.026604 0.026604 0.026604 0.026604 0.026604 0.026604 0.026604 0.026604 0.026604 0.026604 0.026604 0.026604 0.026604 0.026604 0.026604 0.026604 0.026604 0.026604 0.026604 0.026604 0.026604 0.026604 0.026604 0.026604 0.026604 0.026604 0.026604 0.026604 0.026604 0.026604 0.026604 0.026604 0.026604 0.026608 0.026688 0.027489 0.032562 0.055393 0.132418 0.338017 0.776468 1.546455 2.659451 4.000000 ]
[ 3.000000 1.993224 1.154212 0.573958 0.241899 0.087008 0.028790 0.011666 0.007861 0.007260 0.007200 0.007197 0.007197 0.007197 0.007197 0.007197 0.007197 0.007197 0.007197 0.007197 0.007197 0.007197 0.007197 0.007197 0.007197 0.007197 0.007197 0.007197 0.007197 0.007197 0.007197 0.007197 0.007197 0.007197 0.007197 0.007197 0.007197 0.007197 0.007197 0.007197 0.007197 0.007197 0.007197 0.007197 0.007197 0.007197 0.007197 0.007197 0.007197 0.007197 0.007197 0.007197 0.007197 0.007197 0.007197 0.007197 0.007197 0.007197 0.007197 0.007197 0.007197 0.007197 0.007197 0.007197 0.007197 0.007197 0.007197 0.007197 0.007197 0.007197 0.007197 0.007197 0.007197 0.007197 0.007197 0.007197 0.007197 0.007197 0.007197 0.007197 0.007197 0.007197 0.007197 0.007197 0.007197 0.007197 0.007197 0.007197 0.007197 0.007201 0.007281 0.008082 0.013156 0.035987 0.113612 0.320172 0.763030 1.537108 2.656524 4.000000 ]
[ 3.000000 1.991377 1.151011 0.569048 0.236551 0.081301 0.023082 0.005959 0.002153 0.001553 0.001493 0.001490 0.001490 0.001490 0.001490 0.001490 0.001490 0.001490 0.001490 0.001490 0.001490 0.001490 0.001490 0.001490 0.001490 0.001490 0.001490 0.001490 0.001490 0.001490 0.001490 0.001490 0.001490 0.001490 0.001490 0.001490 0.001490 0.001490 0.001490 0.001490 0.001490 0.001490 0.001490 0.001490 0.001490 0.001490 0.001490 0.001490 0.001490 0.001490 0.001490 0.001490 0.001490 0.001490 0.001490 0.001490 0.001490 0.001490 0.001490 0.001490 0.001490 0.001490 0.001490 0.001490 0.001490 0.001490 0.001490 0.001490 0.001490 0.001490 0.001490 0.001490 0.001490 0.001490 0.001490 0.001490 0.001490 0.001490 0.001490 0.001490 0.001490 0.001490 0.001490 0.001490 0.001490 0.001490 0.001490 0.001490 0.001490 0.001493 0.001574 0.002375 0.007448 0.030279 0.107904 0.314905 0.758261 1.534273 2.654933 4.000000 ]
[ 3.000000 1.990976 1.150092 0.567963 0.235283 0.080032 0.021813 0.004690 0.000885 0.000284 0.000224 0.000221 0.000221 0.000221 0.000221 0.000221 0.000221 0.000221 0.000221 0.000221 0.000221 0.000221 0.000221 0.000221 0.000221 0.000221 0.000221 0.000221 0.000221 0.000221 0.000221 0.000221 0.000221 0.000221 0.000221 0.000221 0.000221 0.000221 0.000221 0.000221 0.000221 0.000221 0.000221 0.000221 0.000221 0.000221 0.000221 0.000221 0.000221 0.000221 0.000221 0.000221 0.000221 0.000221 0.000221 0.000221 0.000221 0.000221 0.000221 0.000221 0.000221 0.000221 0.000221 0.000221 0.000221 0.000221 0.000221 0.000221 0.000221 0.000221 0.000221 0.000221 0.000221 0.000221 0.000221 0.000221 0.000221 0.000221 0.000221 0.000221 0.000221 0.000221 0.000221 0.000221 0.000221 0.000221 0.000221 0.000221 0.000221 0.000225 0.000305 0.001106 0.006180 0.029011 0.106636 0.313637 0.757210 1.533394 2.654594 4.000000 ]
[ 3.000000 1.990881 1.149952 0.567762 0.235083 0.079832 0.021613 0.004490 0.000685 0.000084 0.000024 0.000021 0.000021 0.000021 0.000021 0.000021 0.000021 0.000021 0.000021 0.000021 0.000021 0.000021 0.000021 0.000021 0.000021 0.000021 0.000021 0.000021 0.000021 0.000021 0.000021 0.000021 0.000021 0.000021 0.000021 0.000021 0.000021 0.000021 0.000021 0.000021 0.000021 0.000021 0.000021 0.000021 0.000021 0.000021 0.000021 0.000021 0.000021 0.000021 0.000021 0.000021 0.000021 0.000021 0.000021 0.000021 0.000021 0.000021 0.000021 0.000021 0.000021 0.000021 0.000021 0.000021 0.000021 0.000021 0.000021 0.000021 0.000021 0.000021 0.000021 0.000021 0.000021 0.000021 0.000021 0.000021 0.000021 0.000021 0.000021 0.000021 0.000021 0.000021 0.000021 0.000021 0.000021 0.000021 0.000021 0.000021 0.000021 0.000025 0.000105 0.000906 0.005980 0.028811 0.106436 0.313437 0.757010 1.533262 2.654504 4.000000 ]
[ 3.000000 1.990872 1.149932 0.567742 0.235063 0.079812 0.021593 0.004470 0.000665 0.000064 0.000004 0.000001 0.000001 0.000001 0.000001 0.000001 0.000001 0.000001 0.000001 0.000001 0.000001 0.000001 0.000001 0.000001 0.000001 0.000001 0.000001 0.000001 0.000001 0.000001 0.000001 0.000001 0.000001 0.000001 0.000001 0.000001 0.000001 0.000001 0.000001 0.000001 0.000001 0.000001 0.000001 0.000001 0.000001 0.000001 0.000001 0.000001 0.000001 0.000001 0.000001 0.000001 0.000001 0.000001 0.000001 0.000001 0.000001 0.000001 0.000001 0.000001 0.000001 0.000001 0.000001 0.000001 0.000001 0.000001 0.000001 0.000001 0.000001 0.000001 0.000001 0.000001 0.000001 0.000001 0.000001 0.000001 0.000001 0.000001 0.000001 0.000001 0.000001 0.000001 0.000001 0.000001 0.000001 0.000001 0.000001 0.000001 0.000001 0.000005 0.000085 0.000886 0.005960 0.028790 0.106416 0.313416 0.756989 1.533242 2.654496 4.000000 ]
[ 3.000000 1.990871 1.149931 0.567741 0.235062 0.079811 0.021592 0.004469 0.000664 0.000063 0.000003 0.000000 0.000000 0.000000 0.000000 0.000000 0.000000 0.000000 0.000000 0.000000 0.000000 0.000000 0.000000 0.000000 0.000000 0.000000 0.000000 0.000000 0.000000 0.000000 0.000000 0.000000 0.000000 0.000000 0.000000 0.000000 0.000000 0.000000 0.000000 0.000000 0.000000 0.000000 0.000000 0.000000 0.000000 0.000000 0.000000 0.000000 0.000000 0.000000 0.000000 0.000000 0.000000 0.000000 0.000000 0.000000 0.000000 0.000000 0.000000 0.000000 0.000000 0.000000 0.000000 0.000000 0.000000 0.000000 0.000000 0.000000 0.000000 0.000000 0.000000 0.000000 0.000000 0.000000 0.000000 0.000000 0.000000 0.000000 0.000000 0.000000 0.000000 0.000000 0.000000 0.000000 0.000000 0.000000 0.000000 0.000000 0.000000 0.000004 0.000084 0.000885 0.005959 0.028790 0.106415 0.313416 0.756989 1.533241 2.654495 4.000000 ]
[ 3.000000 1.990871 1.149931 0.567741 0.235062 0.079811 0.021592 0.004469 0.000664 0.000063 0.000003 0.000000 0.000000 0.000000 0.000000 0.000000 0.000000 0.000000 0.000000 0.000000 0.000000 0.000000 0.000000 0.000000 0.000000 0.000000 0.000000 0.000000 0.000000 0.000000 0.000000 0.000000 0.000000 0.000000 0.000000 0.000000 0.000000 0.000000 0.000000 0.000000 0.000000 0.000000 0.000000 0.000000 0.000000 0.000000 0.000000 0.000000 0.000000 0.000000 0.000000 0.000000 0.000000 0.000000 0.000000 0.000000 0.000000 0.000000 0.000000 0.000000 0.000000 0.000000 0.000000 0.000000 0.000000 0.000000 0.000000 0.000000 0.000000 0.000000 0.000000 0.000000 0.000000 0.000000 0.000000 0.000000 0.000000 0.000000 0.000000 0.000000 0.000000 0.000000 0.000000 0.000000 0.000000 0.000000 0.000000 0.000000 0.000000 0.000004 0.000084 0.000885 0.005959 0.028790 0.106415 0.313416 0.756989 1.533241 2.654495 4.000000 ]
[ 3.000000 1.990871 1.149931 0.567741 0.235062 0.079811 0.021592 0.004469 0.000664 0.000063 0.000003 0.000000 0.000000 0.000000 0.000000 0.000000 0.000000 0.000000 0.000000 0.000000 0.000000 0.000000 0.000000 0.000000 0.000000 0.000000 0.000000 0.000000 0.000000 0.000000 0.000000 0.000000 0.000000 0.000000 0.000000 0.000000 0.000000 0.000000 0.000000 0.000000 0.000000 0.000000 0.000000 0.000000 0.000000 0.000000 0.000000 0.000000 0.000000 0.000000 0.000000 0.000000 0.000000 0.000000 0.000000 0.000000 0.000000 0.000000 0.000000 0.000000 0.000000 0.000000 0.000000 0.000000 0.000000 0.000000 0.000000 0.000000 0.000000 0.000000 0.000000 0.000000 0.000000 0.000000 0.000000 0.000000 0.000000 0.000000 0.000000 0.000000 0.000000 0.000000 0.000000 0.000000 0.000000 0.000000 0.000000 0.000000 0.000000 0.000004 0.000084 0.000885 0.005959 0.028790 0.106415 0.313416 0.756989 1.533241 2.654495 4.000000 ]
[ 3.000000 1.990871 1.149931 0.567741 0.235062 0.079811 0.021592 0.004469 0.000664 0.000063 0.000003 0.000000 0.000000 0.000000 0.000000 0.000000 0.000000 0.000000 0.000000 0.000000 0.000000 0.000000 0.000000 0.000000 0.000000 0.000000 0.000000 0.000000 0.000000 0.000000 0.000000 0.000000 0.000000 0.000000 0.000000 0.000000 0.000000 0.000000 0.000000 0.000000 0.000000 0.000000 0.000000 0.000000 0.000000 0.000000 0.000000 0.000000 0.000000 0.000000 0.000000 0.000000 0.000000 0.000000 0.000000 0.000000 0.000000 0.000000 0.000000 0.000000 0.000000 0.000000 0.000000 0.000000 0.000000 0.000000 0.000000 0.000000 0.000000 0.000000 0.000000 0.000000 0.000000 0.000000 0.000000 0.000000 0.000000 0.000000 0.000000 0.000000 0.000000 0.000000 0.000000 0.000000 0.000000 0.000000 0.000000 0.000000 0.000000 0.000004 0.000084 0.000885 0.005959 0.028790 0.106415 0.313416 0.756989 1.533241 2.654495 4.000000 ]
[ 3.000000 1.990871 1.149931 0.567741 0.235062 0.079811 0.021592 0.004469 0.000664 0.000063 0.000003 0.000000 0.000000 0.000000 0.000000 0.000000 0.000000 0.000000 0.000000 0.000000 0.000000 0.000000 0.000000 0.000000 0.000000 0.000000 0.000000 0.000000 0.000000 0.000000 0.000000 0.000000 0.000000 0.000000 0.000000 0.000000 0.000000 0.000000 0.000000 0.000000 0.000000 0.000000 0.000000 0.000000 0.000000 0.000000 0.000000 0.000000 0.000000 0.000000 0.000000 0.000000 0.000000 0.000000 0.000000 0.000000 0.000000 0.000000 0.000000 0.000000 0.000000 0.000000 0.000000 0.000000 0.000000 0.000000 0.000000 0.000000 0.000000 0.000000 0.000000 0.000000 0.000000 0.000000 0.000000 0.000000 0.000000 0.000000 0.000000 0.000000 0.000000 0.000000 0.000000 0.000000 0.000000 0.000000 0.000000 0.000000 0.000000 0.000004 0.000084 0.000885 0.005959 0.028790 0.106415 0.313416 0.756989 1.533241 2.654495 4.000000 ]
[ 3.000000 1.990871 1.149931 0.567741 0.235062 0.079811 0.021592 0.004469 0.000664 0.000063 0.000003 0.000000 0.000000 0.000000 0.000000 0.000000 0.000000 0.000000 0.000000 0.000000 0.000000 0.000000 0.000000 0.000000 0.000000 0.000000 0.000000 0.000000 0.000000 0.000000 0.000000 0.000000 0.000000 0.000000 0.000000 0.000000 0.000000 0.000000 0.000000 0.000000 0.000000 0.000000 0.000000 0.000000 0.000000 0.000000 0.000000 0.000000 0.000000 0.000000 0.000000 0.000000 0.000000 0.000000 0.000000 0.000000 0.000000 0.000000 0.000000 0.000000 0.000000 0.000000 0.000000 0.000000 0.000000 0.000000 0.000000 0.000000 0.000000 0.000000 0.000000 0.000000 0.000000 0.000000 0.000000 0.000000 0.000000 0.000000 0.000000 0.000000 0.000000 0.000000 0.000000 0.000000 0.000000 0.000000 0.000000 0.000000 0.000000 0.000004 0.000084 0.000885 0.005959 0.028790 0.106415 0.313416 0.756989 1.533241 2.654495 4.000000 ]
[ 3.000000 1.990871 1.149931 0.567741 0.235062 0.079811 0.021592 0.004469 0.000664 0.000063 0.000003 0.000000 0.000000 0.000000 0.000000 0.000000 0.000000 0.000000 0.000000 0.000000 0.000000 0.000000 0.000000 0.000000 0.000000 0.000000 0.000000 0.000000 0.000000 0.000000 0.000000 0.000000 0.000000 0.000000 0.000000 0.000000 0.000000 0.000000 0.000000 0.000000 0.000000 0.000000 0.000000 0.000000 0.000000 0.000000 0.000000 0.000000 0.000000 0.000000 0.000000 0.000000 0.000000 0.000000 0.000000 0.000000 0.000000 0.000000 0.000000 0.000000 0.000000 0.000000 0.000000 0.000000 0.000000 0.000000 0.000000 0.000000 0.000000 0.000000 0.000000 0.000000 0.000000 0.000000 0.000000 0.000000 0.000000 0.000000 0.000000 0.000000 0.000000 0.000000 0.000000 0.000000 0.000000 0.000000 0.000000 0.000000 0.000000 0.000004 0.000084 0.000885 0.005959 0.028790 0.106415 0.313416 0.756989 1.533241 2.654495 4.000000 ]
[ 3.000000 1.990871 1.149931 0.567741 0.235062 0.079811 0.021592 0.004469 0.000664 0.000063 0.000003 0.000000 0.000000 0.000000 0.000000 0.000000 0.000000 0.000000 0.000000 0.000000 0.000000 0.000000 0.000000 0.000000 0.000000 0.000000 0.000000 0.000000 0.000000 0.000000 0.000000 0.000000 0.000000 0.000000 0.000000 0.000000 0.000000 0.000000 0.000000 0.000000 0.000000 0.000000 0.000000 0.000000 0.000000 0.000000 0.000000 0.000000 0.000000 0.000000 0.000000 0.000000 0.000000 0.000000 0.000000 0.000000 0.000000 0.000000 0.000000 0.000000 0.000000 0.000000 0.000000 0.000000 0.000000 0.000000 0.000000 0.000000 0.000000 0.000000 0.000000 0.000000 0.000000 0.000000 0.000000 0.000000 0.000000 0.000000 0.000000 0.000000 0.000000 0.000000 0.000000 0.000000 0.000000 0.000000 0.000000 0.000000 0.000000 0.000004 0.000084 0.000885 0.005959 0.028790 0.106415 0.313416 0.756989 1.533241 2.654495 4.000000 ]
[ 3.000000 1.990871 1.149931 0.567741 0.235062 0.079811 0.021592 0.004469 0.000664 0.000063 0.000003 0.000000 0.000000 0.000000 0.000000 0.000000 0.000000 0.000000 0.000000 0.000000 0.000000 0.000000 0.000000 0.000000 0.000000 0.000000 0.000000 0.000000 0.000000 0.000000 0.000000 0.000000 0.000000 0.000000 0.000000 0.000000 0.000000 0.000000 0.000000 0.000000 0.000000 0.000000 0.000000 0.000000 0.000000 0.000000 0.000000 0.000000 0.000000 0.000000 0.000000 0.000000 0.000000 0.000000 0.000000 0.000000 0.000000 0.000000 0.000000 0.000000 0.000000 0.000000 0.000000 0.000000 0.000000 0.000000 0.000000 0.000000 0.000000 0.000000 0.000000 0.000000 0.000000 0.000000 0.000000 0.000000 0.000000 0.000000 0.000000 0.000000 0.000000 0.000000 0.000000 0.000000 0.000000 0.000000 0.000000 0.000000 0.000000 0.000004 0.000084 0.000885 0.005959 0.028790 0.106415 0.313416 0.756989 1.533241 2.654495 4.000000 ]
[ 3.000000 1.990871 1.149931 0.567741 0.235062 0.079811 0.021592 0.004469 0.000664 0.000063 0.000003 0.000000 0.000000 0.000000 0.000000 0.000000 0.000000 0.000000 0.000000 0.000000 0.000000 0.000000 0.000000 0.000000 0.000000 0.000000 0.000000 0.000000 0.000000 0.000000 0.000000 0.000000 0.000000 0.000000 0.000000 0.000000 0.000000 0.000000 0.000000 0.000000 0.000000 0.000000 0.000000 0.000000 0.000000 0.000000 0.000000 0.000000 0.000000 0.000000 0.000000 0.000000 0.000000 0.000000 0.000000 0.000000 0.000000 0.000000 0.000000 0.000000 0.000000 0.000000 0.000000 0.000000 0.000000 0.000000 0.000000 0.000000 0.000000 0.000000 0.000000 0.000000 0.000000 0.000000 0.000000 0.000000 0.000000 0.000000 0.000000 0.000000 0.000000 0.000000 0.000000 0.000000 0.000000 0.000000 0.000000 0.000000 0.000000 0.000004 0.000084 0.000885 0.005959 0.028790 0.106415 0.313416 0.756989 1.533241 2.654495 4.000000 ]
[ 3.000000 1.990871 1.149931 0.567741 0.235062 0.079811 0.021592 0.004469 0.000664 0.000063 0.000003 0.000000 0.000000 0.000000 0.000000 0.000000 0.000000 0.000000 0.000000 0.000000 0.000000 0.000000 0.000000 0.000000 0.000000 0.000000 0.000000 0.000000 0.000000 0.000000 0.000000 0.000000 0.000000 0.000000 0.000000 0.000000 0.000000 0.000000 0.000000 0.000000 0.000000 0.000000 0.000000 0.000000 0.000000 0.000000 0.000000 0.000000 0.000000 0.000000 0.000000 0.000000 0.000000 0.000000 0.000000 0.000000 0.000000 0.000000 0.000000 0.000000 0.000000 0.000000 0.000000 0.000000 0.000000 0.000000 0.000000 0.000000 0.000000 0.000000 0.000000 0.000000 0.000000 0.000000 0.000000 0.000000 0.000000 0.000000 0.000000 0.000000 0.000000 0.000000 0.000000 0.000000 0.000000 0.000000 0.000000 0.000000 0.000000 0.000004 0.000084 0.000885 0.005959 0.028790 0.106415 0.313416 0.756989 1.533241 2.654495 4.000000 ]
[ 3.000000 1.990871 1.149931 0.567741 0.235062 0.079811 0.021592 0.004469 0.000664 0.000063 0.000003 0.000000 0.000000 0.000000 0.000000 0.000000 0.000000 0.000000 0.000000 0.000000 0.000000 0.000000 0.000000 0.000000 0.000000 0.000000 0.000000 0.000000 0.000000 0.000000 0.000000 0.000000 0.000000 0.000000 0.000000 0.000000 0.000000 0.000000 0.000000 0.000000 0.000000 0.000000 0.000000 0.000000 0.000000 0.000000 0.000000 0.000000 0.000000 0.000000 0.000000 0.000000 0.000000 0.000000 0.000000 0.000000 0.000000 0.000000 0.000000 0.000000 0.000000 0.000000 0.000000 0.000000 0.000000 0.000000 0.000000 0.000000 0.000000 0.000000 0.000000 0.000000 0.000000 0.000000 0.000000 0.000000 0.000000 0.000000 0.000000 0.000000 0.000000 0.000000 0.000000 0.000000 0.000000 0.000000 0.000000 0.000000 0.000000 0.000004 0.000084 0.000885 0.005959 0.028790 0.106415 0.313416 0.756989 1.533241 2.654495 4.000000 ]
[ 3.000000 1.990871 1.149931 0.567741 0.235062 0.079811 0.021592 0.004469 0.000664 0.000063 0.000003 0.000000 0.000000 0.000000 0.000000 0.000000 0.000000 0.000000 0.000000 0.000000 0.000000 0.000000 0.000000 0.000000 0.000000 0.000000 0.000000 0.000000 0.000000 0.000000 0.000000 0.000000 0.000000 0.000000 0.000000 0.000000 0.000000 0.000000 0.000000 0.000000 0.000000 0.000000 0.000000 0.000000 0.000000 0.000000 0.000000 0.000000 0.000000 0.000000 0.000000 0.000000 0.000000 0.000000 0.000000 0.000000 0.000000 0.000000 0.000000 0.000000 0.000000 0.000000 0.000000 0.000000 0.000000 0.000000 0.000000 0.000000 0.000000 0.000000 0.000000 0.000000 0.000000 0.000000 0.000000 0.000000 0.000000 0.000000 0.000000 0.000000 0.000000 0.000000 0.000000 0.000000 0.000000 0.000000 0.000000 0.000000 0.000000 0.000004 0.000084 0.000885 0.005959 0.028790 0.106415 0.313416 0.756989 1.533241 2.654495 4.000000 ]
[ 3.000000 1.990871 1.149931 0.567741 0.235062 0.079811 0.021592 0.004469 0.000664 0.000063 0.000003 0.000000 0.000000 0.000000 0.000000 0.000000 0.000000 0.000000 0.000000 0.000000 0.000000 0.000000 0.000000 0.000000 0.000000 0.000000 0.000000 0.000000 0.000000 0.000000 0.000000 0.000000 0.000000 0.000000 0.000000 0.000000 0.000000 0.000000 0.000000 0.000000 0.000000 0.000000 0.000000 0.000000 0.000000 0.000000 0.000000 0.000000 0.000000 0.000000 0.000000 0.000000 0.000000 0.000000 0.000000 0.000000 0.000000 0.000000 0.000000 0.000000 0.000000 0.000000 0.000000 0.000000 0.000000 0.000000 0.000000 0.000000 0.000000 0.000000 0.000000 0.000000 0.000000 0.000000 0.000000 0.000000 0.000000 0.000000 0.000000 0.000000 0.000000 0.000000 0.000000 0.000000 0.000000 0.000000 0.000000 0.000000 0.000000 0.000004 0.000084 0.000885 0.005959 0.028790 0.106415 0.313416 0.756989 1.533241 2.654495 4.000000 ]
[ 3.000000 1.990871 1.149931 0.567741 0.235062 0.079811 0.021592 0.004469 0.000664 0.000063 0.000003 0.000000 0.000000 0.000000 0.000000 0.000000 0.000000 0.000000 0.000000 0.000000 0.000000 0.000000 0.000000 0.000000 0.000000 0.000000 0.000000 0.000000 0.000000 0.000000 0.000000 0.000000 0.000000 0.000000 0.000000 0.000000 0.000000 0.000000 0.000000 0.000000 0.000000 0.000000 0.000000 0.000000 0.000000 0.000000 0.000000 0.000000 0.000000 0.000000 0.000000 0.000000 0.000000 0.000000 0.000000 0.000000 0.000000 0.000000 0.000000 0.000000 0.000000 0.000000 0.000000 0.000000 0.000000 0.000000 0.000000 0.000000 0.000000 0.000000 0.000000 0.000000 0.000000 0.000000 0.000000 0.000000 0.000000 0.000000 0.000000 0.000000 0.000000 0.000000 0.000000 0.000000 0.000000 0.000000 0.000000 0.000000 0.000000 0.000004 0.000084 0.000885 0.005959 0.028790 0.106415 0.313416 0.756989 1.533241 2.654495 4.000000 ]
[ 3.000000 1.990871 1.149931 0.567741 0.235062 0.079811 0.021592 0.004469 0.000664 0.000063 0.000003 0.000000 0.000000 0.000000 0.000000 0.000000 0.000000 0.000000 0.000000 0.000000 0.000000 0.000000 0.000000 0.000000 0.000000 0.000000 0.000000 0.000000 0.000000 0.000000 0.000000 0.000000 0.000000 0.000000 0.000000 0.000000 0.000000 0.000000 0.000000 0.000000 0.000000 0.000000 0.000000 0.000000 0.000000 0.000000 0.000000 0.000000 0.000000 0.000000 0.000000 0.000000 0.000000 0.000000 0.000000 0.000000 0.000000 0.000000 0.000000 0.000000 0.000000 0.000000 0.000000 0.000000 0.000000 0.000000 0.000000 0.000000 0.000000 0.000000 0.000000 0.000000 0.000000 0.000000 0.000000 0.000000 0.000000 0.000000 0.000000 0.000000 0.000000 0.000000 0.000000 0.000000 0.000000 0.000000 0.000000 0.000000 0.000000 0.000004 0.000084 0.000885 0.005959 0.028790 0.106415 0.313416 0.756989 1.533241 2.654495 4.000000 ]
[ 3.000000 1.990871 1.149931 0.567741 0.235062 0.079811 0.021592 0.004469 0.000664 0.000063 0.000003 0.000000 0.000000 0.000000 0.000000 0.000000 0.000000 0.000000 0.000000 0.000000 0.000000 0.000000 0.000000 0.000000 0.000000 0.000000 0.000000 0.000000 0.000000 0.000000 0.000000 0.000000 0.000000 0.000000 0.000000 0.000000 0.000000 0.000000 0.000000 0.000000 0.000000 0.000000 0.000000 0.000000 0.000000 0.000000 0.000000 0.000000 0.000000 0.000000 0.000000 0.000000 0.000000 0.000000 0.000000 0.000000 0.000000 0.000000 0.000000 0.000000 0.000000 0.000000 0.000000 0.000000 0.000000 0.000000 0.000000 0.000000 0.000000 0.000000 0.000000 0.000000 0.000000 0.000000 0.000000 0.000000 0.000000 0.000000 0.000000 0.000000 0.000000 0.000000 0.000000 0.000000 0.000000 0.000000 0.000000 0.000000 0.000000 0.000004 0.000084 0.000885 0.005959 0.028790 0.106415 0.313416 0.756989 1.533241 2.654495 4.000000 ]
[ 3.000000 1.990871 1.149931 0.567741 0.235062 0.079811 0.021592 0.004469 0.000664 0.000063 0.000003 0.000000 0.000000 0.000000 0.000000 0.000000 0.000000 0.000000 0.000000 0.000000 0.000000 0.000000 0.000000 0.000000 0.000000 0.000000 0.000000 0.000000 0.000000 0.000000 0.000000 0.000000 0.000000 0.000000 0.000000 0.000000 0.000000 0.000000 0.000000 0.000000 0.000000 0.000000 0.000000 0.000000 0.000000 0.000000 0.000000 0.000000 0.000000 0.000000 0.000000 0.000000 0.000000 0.000000 0.000000 0.000000 0.000000 0.000000 0.000000 0.000000 0.000000 0.000000 0.000000 0.000000 0.000000 0.000000 0.000000 0.000000 0.000000 0.000000 0.000000 0.000000 0.000000 0.000000 0.000000 0.000000 0.000000 0.000000 0.000000 0.000000 0.000000 0.000000 0.000000 0.000000 0.000000 0.000000 0.000000 0.000000 0.000000 0.000004 0.000084 0.000885 0.005959 0.028790 0.106415 0.313416 0.756989 1.533241 2.654495 4.000000 ]
[ 3.000000 1.990871 1.149931 0.567741 0.235062 0.079811 0.021592 0.004469 0.000664 0.000063 0.000003 0.000000 0.000000 0.000000 0.000000 0.000000 0.000000 0.000000 0.000000 0.000000 0.000000 0.000000 0.000000 0.000000 0.000000 0.000000 0.000000 0.000000 0.000000 0.000000 0.000000 0.000000 0.000000 0.000000 0.000000 0.000000 0.000000 0.000000 0.000000 0.000000 0.000000 0.000000 0.000000 0.000000 0.000000 0.000000 0.000000 0.000000 0.000000 0.000000 0.000000 0.000000 0.000000 0.000000 0.000000 0.000000 0.000000 0.000000 0.000000 0.000000 0.000000 0.000000 0.000000 0.000000 0.000000 0.000000 0.000000 0.000000 0.000000 0.000000 0.000000 0.000000 0.000000 0.000000 0.000000 0.000000 0.000000 0.000000 0.000000 0.000000 0.000000 0.000000 0.000000 0.000000 0.000000 0.000000 0.000000 0.000000 0.000000 0.000004 0.000084 0.000885 0.005959 0.028790 0.106415 0.313416 0.756989 1.533241 2.654495 4.000000 ]
[ 3.000000 1.990871 1.149931 0.567741 0.235062 0.079811 0.021592 0.004469 0.000664 0.000063 0.000003 0.000000 0.000000 0.000000 0.000000 0.000000 0.000000 0.000000 0.000000 0.000000 0.000000 0.000000 0.000000 0.000000 0.000000 0.000000 0.000000 0.000000 0.000000 0.000000 0.000000 0.000000 0.000000 0.000000 0.000000 0.000000 0.000000 0.000000 0.000000 0.000000 0.000000 0.000000 0.000000 0.000000 0.000000 0.000000 0.000000 0.000000 0.000000 0.000000 0.000000 0.000000 0.000000 0.000000 0.000000 0.000000 0.000000 0.000000 0.000000 0.000000 0.000000 0.000000 0.000000 0.000000 0.000000 0.000000 0.000000 0.000000 0.000000 0.000000 0.000000 0.000000 0.000000 0.000000 0.000000 0.000000 0.000000 0.000000 0.000000 0.000000 0.000000 0.000000 0.000000 0.000000 0.000000 0.000000 0.000000 0.000000 0.000000 0.000004 0.000084 0.000885 0.005959 0.028790 0.106415 0.313416 0.756989 1.533241 2.654495 4.000000 ]
[ 3.000000 1.990871 1.149931 0.567741 0.235062 0.079811 0.021592 0.004469 0.000664 0.000063 0.000003 0.000000 0.000000 0.000000 0.000000 0.000000 0.000000 0.000000 0.000000 0.000000 0.000000 0.000000 0.000000 0.000000 0.000000 0.000000 0.000000 0.000000 0.000000 0.000000 0.000000 0.000000 0.000000 0.000000 0.000000 0.000000 0.000000 0.000000 0.000000 0.000000 0.000000 0.000000 0.000000 0.000000 0.000000 0.000000 0.000000 0.000000 0.000000 0.000000 0.000000 0.000000 0.000000 0.000000 0.000000 0.000000 0.000000 0.000000 0.000000 0.000000 0.000000 0.000000 0.000000 0.000000 0.000000 0.000000 0.000000 0.000000 0.000000 0.000000 0.000000 0.000000 0.000000 0.000000 0.000000 0.000000 0.000000 0.000000 0.000000 0.000000 0.000000 0.000000 0.000000 0.000000 0.000000 0.000000 0.000000 0.000000 0.000000 0.000004 0.000084 0.000885 0.005959 0.028790 0.106415 0.313416 0.756989 1.533241 2.654495 4.000000 ]
[ 3.000000 1.990871 1.149931 0.567741 0.235062 0.079811 0.021592 0.004469 0.000664 0.000063 0.000003 0.000000 0.000000 0.000000 0.000000 0.000000 0.000000 0.000000 0.000000 0.000000 0.000000 0.000000 0.000000 0.000000 0.000000 0.000000 0.000000 0.000000 0.000000 0.000000 0.000000 0.000000 0.000000 0.000000 0.000000 0.000000 0.000000 0.000000 0.000000 0.000000 0.000000 0.000000 0.000000 0.000000 0.000000 0.000000 0.000000 0.000000 0.000000 0.000000 0.000000 0.000000 0.000000 0.000000 0.000000 0.000000 0.000000 0.000000 0.000000 0.000000 0.000000 0.000000 0.000000 0.000000 0.000000 0.000000 0.000000 0.000000 0.000000 0.000000 0.000000 0.000000 0.000000 0.000000 0.000000 0.000000 0.000000 0.000000 0.000000 0.000000 0.000000 0.000000 0.000000 0.000000 0.000000 0.000000 0.000000 0.000000 0.000000 0.000004 0.000084 0.000885 0.005959 0.028790 0.106415 0.313416 0.756989 1.533241 2.654495 4.000000 ]
[ 3.000000 1.990871 1.149931 0.567741 0.235062 0.079811 0.021592 0.004469 0.000664 0.000063 0.000003 0.000000 0.000000 0.000000 0.000000 0.000000 0.000000 0.000000 0.000000 0.000000 0.000000 0.000000 0.000000 0.000000 0.000000 0.000000 0.000000 0.000000 0.000000 0.000000 0.000000 0.000000 0.000000 0.000000 0.000000 0.000000 0.000000 0.000000 0.000000 0.000000 0.000000 0.000000 0.000000 0.000000 0.000000 0.000000 0.000000 0.000000 0.000000 0.000000 0.000000 0.000000 0.000000 0.000000 0.000000 0.000000 0.000000 0.000000 0.000000 0.000000 0.000000 0.000000 0.000000 0.000000 0.000000 0.000000 0.000000 0.000000 0.000000 0.000000 0.000000 0.000000 0.000000 0.000000 0.000000 0.000000 0.000000 0.000000 0.000000 0.000000 0.000000 0.000000 0.000000 0.000000 0.000000 0.000000 0.000000 0.000000 0.000000 0.000004 0.000084 0.000885 0.005959 0.028790 0.106415 0.313416 0.756989 1.533241 2.654495 4.000000 ]
[ 3.000000 1.990871 1.149931 0.567741 0.235062 0.079811 0.021592 0.004469 0.000664 0.000063 0.000003 0.000000 0.000000 0.000000 0.000000 0.000000 0.000000 0.000000 0.000000 0.000000 0.000000 0.000000 0.000000 0.000000 0.000000 0.000000 0.000000 0.000000 0.000000 0.000000 0.000000 0.000000 0.000000 0.000000 0.000000 0.000000 0.000000 0.000000 0.000000 0.000000 0.000000 0.000000 0.000000 0.000000 0.000000 0.000000 0.000000 0.000000 0.000000 0.000000 0.000000 0.000000 0.000000 0.000000 0.000000 0.000000 0.000000 0.000000 0.000000 0.000000 0.000000 0.000000 0.000000 0.000000 0.000000 0.000000 0.000000 0.000000 0.000000 0.000000 0.000000 0.000000 0.000000 0.000000 0.000000 0.000000 0.000000 0.000000 0.000000 0.000000 0.000000 0.000000 0.000000 0.000000 0.000000 0.000000 0.000000 0.000000 0.000000 0.000004 0.000084 0.000885 0.005959 0.028790 0.106415 0.313416 0.756989 1.533241 2.654495 4.000000 ]
[ 3.000000 1.990871 1.149931 0.567741 0.235062 0.079811 0.021592 0.004469 0.000664 0.000063 0.000003 0.000000 0.000000 0.000000 0.000000 0.000000 0.000000 0.000000 0.000000 0.000000 0.000000 0.000000 0.000000 0.000000 0.000000 0.000000 0.000000 0.000000 0.000000 0.000000 0.000000 0.000000 0.000000 0.000000 0.000000 0.000000 0.000000 0.000000 0.000000 0.000000 0.000000 0.000000 0.000000 0.000000 0.000000 0.000000 0.000000 0.000000 0.000000 0.000000 0.000000 0.000000 0.000000 0.000000 0.000000 0.000000 0.000000 0.000000 0.000000 0.000000 0.000000 0.000000 0.000000 0.000000 0.000000 0.000000 0.000000 0.000000 0.000000 0.000000 0.000000 0.000000 0.000000 0.000000 0.000000 0.000000 0.000000 0.000000 0.000000 0.000000 0.000000 0.000000 0.000000 0.000000 0.000000 0.000000 0.000000 0.000000 0.000000 0.000004 0.000084 0.000885 0.005959 0.028790 0.106415 0.313416 0.756989 1.533241 2.654495 4.000000 ]
[ 3.000000 1.990871 1.149931 0.567741 0.235062 0.079811 0.021592 0.004469 0.000664 0.000063 0.000003 0.000000 0.000000 0.000000 0.000000 0.000000 0.000000 0.000000 0.000000 0.000000 0.000000 0.000000 0.000000 0.000000 0.000000 0.000000 0.000000 0.000000 0.000000 0.000000 0.000000 0.000000 0.000000 0.000000 0.000000 0.000000 0.000000 0.000000 0.000000 0.000000 0.000000 0.000000 0.000000 0.000000 0.000000 0.000000 0.000000 0.000000 0.000000 0.000000 0.000000 0.000000 0.000000 0.000000 0.000000 0.000000 0.000000 0.000000 0.000000 0.000000 0.000000 0.000000 0.000000 0.000000 0.000000 0.000000 0.000000 0.000000 0.000000 0.000000 0.000000 0.000000 0.000000 0.000000 0.000000 0.000000 0.000000 0.000000 0.000000 0.000000 0.000000 0.000000 0.000000 0.000000 0.000000 0.000000 0.000000 0.000000 0.000000 0.000004 0.000084 0.000885 0.005959 0.028790 0.106415 0.313416 0.756989 1.533241 2.654495 4.000000 ]
[ 3.000000 1.990871 1.149931 0.567741 0.235062 0.079811 0.021592 0.004469 0.000664 0.000063 0.000003 0.000000 0.000000 0.000000 0.000000 0.000000 0.000000 0.000000 0.000000 0.000000 0.000000 0.000000 0.000000 0.000000 0.000000 0.000000 0.000000 0.000000 0.000000 0.000000 0.000000 0.000000 0.000000 0.000000 0.000000 0.000000 0.000000 0.000000 0.000000 0.000000 0.000000 0.000000 0.000000 0.000000 0.000000 0.000000 0.000000 0.000000 0.000000 0.000000 0.000000 0.000000 0.000000 0.000000 0.000000 0.000000 0.000000 0.000000 0.000000 0.000000 0.000000 0.000000 0.000000 0.000000 0.000000 0.000000 0.000000 0.000000 0.000000 0.000000 0.000000 0.000000 0.000000 0.000000 0.000000 0.000000 0.000000 0.000000 0.000000 0.000000 0.000000 0.000000 0.000000 0.000000 0.000000 0.000000 0.000000 0.000000 0.000000 0.000004 0.000084 0.000885 0.005959 0.028790 0.106415 0.313416 0.756989 1.533241 2.654495 4.000000 ]
[ 3.000000 1.990871 1.149931 0.567741 0.235062 0.079811 0.021592 0.004469 0.000664 0.000063 0.000003 0.000000 0.000000 0.000000 0.000000 0.000000 0.000000 0.000000 0.000000 0.000000 0.000000 0.000000 0.000000 0.000000 0.000000 0.000000 0.000000 0.000000 0.000000 0.000000 0.000000 0.000000 0.000000 0.000000 0.000000 0.000000 0.000000 0.000000 0.000000 0.000000 0.000000 0.000000 0.000000 0.000000 0.000000 0.000000 0.000000 0.000000 0.000000 0.000000 0.000000 0.000000 0.000000 0.000000 0.000000 0.000000 0.000000 0.000000 0.000000 0.000000 0.000000 0.000000 0.000000 0.000000 0.000000 0.000000 0.000000 0.000000 0.000000 0.000000 0.000000 0.000000 0.000000 0.000000 0.000000 0.000000 0.000000 0.000000 0.000000 0.000000 0.000000 0.000000 0.000000 0.000000 0.000000 0.000000 0.000000 0.000000 0.000000 0.000004 0.000084 0.000885 0.005959 0.028790 0.106415 0.313416 0.756989 1.533241 2.654495 4.000000 ]
[ 3.000000 1.990871 1.149931 0.567741 0.235062 0.079811 0.021592 0.004469 0.000664 0.000063 0.000003 0.000000 0.000000 0.000000 0.000000 0.000000 0.000000 0.000000 0.000000 0.000000 0.000000 0.000000 0.000000 0.000000 0.000000 0.000000 0.000000 0.000000 0.000000 0.000000 0.000000 0.000000 0.000000 0.000000 0.000000 0.000000 0.000000 0.000000 0.000000 0.000000 0.000000 0.000000 0.000000 0.000000 0.000000 0.000000 0.000000 0.000000 0.000000 0.000000 0.000000 0.000000 0.000000 0.000000 0.000000 0.000000 0.000000 0.000000 0.000000 0.000000 0.000000 0.000000 0.000000 0.000000 0.000000 0.000000 0.000000 0.000000 0.000000 0.000000 0.000000 0.000000 0.000000 0.000000 0.000000 0.000000 0.000000 0.000000 0.000000 0.000000 0.000000 0.000000 0.000000 0.000000 0.000000 0.000000 0.000000 0.000000 0.000000 0.000004 0.000084 0.000885 0.005959 0.028790 0.106415 0.313416 0.756989 1.533241 2.654495 4.000000 ]
[ 3.000000 1.990871 1.149931 0.567741 0.235062 0.079811 0.021592 0.004469 0.000664 0.000063 0.000003 0.000000 0.000000 0.000000 0.000000 0.000000 0.000000 0.000000 0.000000 0.000000 0.000000 0.000000 0.000000 0.000000 0.000000 0.000000 0.000000 0.000000 0.000000 0.000000 0.000000 0.000000 0.000000 0.000000 0.000000 0.000000 0.000000 0.000000 0.000000 0.000000 0.000000 0.000000 0.000000 0.000000 0.000000 0.000000 0.000000 0.000000 0.000000 0.000000 0.000000 0.000000 0.000000 0.000000 0.000000 0.000000 0.000000 0.000000 0.000000 0.000000 0.000000 0.000000 0.000000 0.000000 0.000000 0.000000 0.000000 0.000000 0.000000 0.000000 0.000000 0.000000 0.000000 0.000000 0.000000 0.000000 0.000000 0.000000 0.000000 0.000000 0.000000 0.000000 0.000000 0.000000 0.000000 0.000000 0.000000 0.000000 0.000000 0.000004 0.000084 0.000885 0.005959 0.028790 0.106415 0.313416 0.756989 1.533241 2.654495 4.000000 ]
[ 3.000000 1.990871 1.149931 0.567741 0.235062 0.079811 0.021592 0.004469 0.000664 0.000063 0.000003 0.000000 0.000000 0.000000 0.000000 0.000000 0.000000 0.000000 0.000000 0.000000 0.000000 0.000000 0.000000 0.000000 0.000000 0.000000 0.000000 0.000000 0.000000 0.000000 0.000000 0.000000 0.000000 0.000000 0.000000 0.000000 0.000000 0.000000 0.000000 0.000000 0.000000 0.000000 0.000000 0.000000 0.000000 0.000000 0.000000 0.000000 0.000000 0.000000 0.000000 0.000000 0.000000 0.000000 0.000000 0.000000 0.000000 0.000000 0.000000 0.000000 0.000000 0.000000 0.000000 0.000000 0.000000 0.000000 0.000000 0.000000 0.000000 0.000000 0.000000 0.000000 0.000000 0.000000 0.000000 0.000000 0.000000 0.000000 0.000000 0.000000 0.000000 0.000000 0.000000 0.000000 0.000000 0.000000 0.000000 0.000000 0.000000 0.000004 0.000084 0.000885 0.005959 0.028790 0.106415 0.313416 0.756989 1.533241 2.654495 4.000000 ]
[ 3.000000 1.990871 1.149931 0.567741 0.235062 0.079811 0.021592 0.004469 0.000664 0.000063 0.000003 0.000000 0.000000 0.000000 0.000000 0.000000 0.000000 0.000000 0.000000 0.000000 0.000000 0.000000 0.000000 0.000000 0.000000 0.000000 0.000000 0.000000 0.000000 0.000000 0.000000 0.000000 0.000000 0.000000 0.000000 0.000000 0.000000 0.000000 0.000000 0.000000 0.000000 0.000000 0.000000 0.000000 0.000000 0.000000 0.000000 0.000000 0.000000 0.000000 0.000000 0.000000 0.000000 0.000000 0.000000 0.000000 0.000000 0.000000 0.000000 0.000000 0.000000 0.000000 0.000000 0.000000 0.000000 0.000000 0.000000 0.000000 0.000000 0.000000 0.000000 0.000000 0.000000 0.000000 0.000000 0.000000 0.000000 0.000000 0.000000 0.000000 0.000000 0.000000 0.000000 0.000000 0.000000 0.000000 0.000000 0.000000 0.000000 0.000004 0.000084 0.000885 0.005959 0.028790 0.106415 0.313416 0.756989 1.533241 2.654495 4.000000 ]
[ 3.000000 1.990871 1.149931 0.567741 0.235062 0.079811 0.021592 0.004469 0.000664 0.000063 0.000003 0.000000 0.000000 0.000000 0.000000 0.000000 0.000000 0.000000 0.000000 0.000000 0.000000 0.000000 0.000000 0.000000 0.000000 0.000000 0.000000 0.000000 0.000000 0.000000 0.000000 0.000000 0.000000 0.000000 0.000000 0.000000 0.000000 0.000000 0.000000 0.000000 0.000000 0.000000 0.000000 0.000000 0.000000 0.000000 0.000000 0.000000 0.000000 0.000000 0.000000 0.000000 0.000000 0.000000 0.000000 0.000000 0.000000 0.000000 0.000000 0.000000 0.000000 0.000000 0.000000 0.000000 0.000000 0.000000 0.000000 0.000000 0.000000 0.000000 0.000000 0.000000 0.000000 0.000000 0.000000 0.000000 0.000000 0.000000 0.000000 0.000000 0.000000 0.000000 0.000000 0.000000 0.000000 0.000000 0.000000 0.000000 0.000000 0.000004 0.000084 0.000885 0.005959 0.028790 0.106415 0.313416 0.756989 1.533241 2.654495 4.000000 ]
[ 3.000000 1.990871 1.149931 0.567741 0.235062 0.079811 0.021592 0.004469 0.000664 0.000063 0.000003 0.000000 0.000000 0.000000 0.000000 0.000000 0.000000 0.000000 0.000000 0.000000 0.000000 0.000000 0.000000 0.000000 0.000000 0.000000 0.000000 0.000000 0.000000 0.000000 0.000000 0.000000 0.000000 0.000000 0.000000 0.000000 0.000000 0.000000 0.000000 0.000000 0.000000 0.000000 0.000000 0.000000 0.000000 0.000000 0.000000 0.000000 0.000000 0.000000 0.000000 0.000000 0.000000 0.000000 0.000000 0.000000 0.000000 0.000000 0.000000 0.000000 0.000000 0.000000 0.000000 0.000000 0.000000 0.000000 0.000000 0.000000 0.000000 0.000000 0.000000 0.000000 0.000000 0.000000 0.000000 0.000000 0.000000 0.000000 0.000000 0.000000 0.000000 0.000000 0.000000 0.000000 0.000000 0.000000 0.000000 0.000000 0.000000 0.000004 0.000084 0.000885 0.005959 0.028790 0.106415 0.313416 0.756989 1.533241 2.654495 4.000000 ]
[ 3.000000 1.990871 1.149931 0.567741 0.235062 0.079811 0.021592 0.004469 0.000664 0.000063 0.000003 0.000000 0.000000 0.000000 0.000000 0.000000 0.000000 0.000000 0.000000 0.000000 0.000000 0.000000 0.000000 0.000000 0.000000 0.000000 0.000000 0.000000 0.000000 0.000000 0.000000 0.000000 0.000000 0.000000 0.000000 0.000000 0.000000 0.000000 0.000000 0.000000 0.000000 0.000000 0.000000 0.000000 0.000000 0.000000 0.000000 0.000000 0.000000 0.000000 0.000000 0.000000 0.000000 0.000000 0.000000 0.000000 0.000000 0.000000 0.000000 0.000000 0.000000 0.000000 0.000000 0.000000 0.000000 0.000000 0.000000 0.000000 0.000000 0.000000 0.000000 0.000000 0.000000 0.000000 0.000000 0.000000 0.000000 0.000000 0.000000 0.000000 0.000000 0.000000 0.000000 0.000000 0.000000 0.000000 0.000000 0.000000 0.000000 0.000004 0.000084 0.000885 0.005959 0.028790 0.106415 0.313416 0.756989 1.533241 2.654495 4.000000 ]
[ 3.000000 1.990871 1.149931 0.567741 0.235062 0.079811 0.021592 0.004469 0.000664 0.000063 0.000003 0.000000 0.000000 0.000000 0.000000 0.000000 0.000000 0.000000 0.000000 0.000000 0.000000 0.000000 0.000000 0.000000 0.000000 0.000000 0.000000 0.000000 0.000000 0.000000 0.000000 0.000000 0.000000 0.000000 0.000000 0.000000 0.000000 0.000000 0.000000 0.000000 0.000000 0.000000 0.000000 0.000000 0.000000 0.000000 0.000000 0.000000 0.000000 0.000000 0.000000 0.000000 0.000000 0.000000 0.000000 0.000000 0.000000 0.000000 0.000000 0.000000 0.000000 0.000000 0.000000 0.000000 0.000000 0.000000 0.000000 0.000000 0.000000 0.000000 0.000000 0.000000 0.000000 0.000000 0.000000 0.000000 0.000000 0.000000 0.000000 0.000000 0.000000 0.000000 0.000000 0.000000 0.000000 0.000000 0.000000 0.000000 0.000000 0.000004 0.000084 0.000885 0.005959 0.028790 0.106415 0.313416 0.756989 1.533241 2.654495 4.000000 ]
[ 3.000000 1.990871 1.149931 0.567741 0.235062 0.079811 0.021592 0.004469 0.000664 0.000063 0.000003 0.000000 0.000000 0.000000 0.000000 0.000000 0.000000 0.000000 0.000000 0.000000 0.000000 0.000000 0.000000 0.000000 0.000000 0.000000 0.000000 0.000000 0.000000 0.000000 0.000000 0.000000 0.000000 0.000000 0.000000 0.000000 0.000000 0.000000 0.000000 0.000000 0.000000 0.000000 0.000000 0.000000 0.000000 0.000000 0.000000 0.000000 0.000000 0.000000 0.000000 0.000000 0.000000 0.000000 0.000000 0.000000 0.000000 0.000000 0.000000 0.000000 0.000000 0.000000 0.000000 0.000000 0.000000 0.000000 0.000000 0.000000 0.000000 0.000000 0.000000 0.000000 0.000000 0.000000 0.000000 0.000000 0.000000 0.000000 0.000000 0.000000 0.000000 0.000000 0.000000 0.000000 0.000000 0.000000 0.000000 0.000000 0.000000 0.000004 0.000084 0.000885 0.005959 0.028790 0.106415 0.313416 0.756989 1.533241 2.654495 4.000000 ]
[ 3.000000 1.990871 1.149931 0.567741 0.235062 0.079811 0.021592 0.004469 0.000664 0.000063 0.000003 0.000000 0.000000 0.000000 0.000000 0.000000 0.000000 0.000000 0.000000 0.000000 0.000000 0.000000 0.000000 0.000000 0.000000 0.000000 0.000000 0.000000 0.000000 0.000000 0.000000 0.000000 0.000000 0.000000 0.000000 0.000000 0.000000 0.000000 0.000000 0.000000 0.000000 0.000000 0.000000 0.000000 0.000000 0.000000 0.000000 0.000000 0.000000 0.000000 0.000000 0.000000 0.000000 0.000000 0.000000 0.000000 0.000000 0.000000 0.000000 0.000000 0.000000 0.000000 0.000000 0.000000 0.000000 0.000000 0.000000 0.000000 0.000000 0.000000 0.000000 0.000000 0.000000 0.000000 0.000000 0.000000 0.000000 0.000000 0.000000 0.000000 0.000000 0.000000 0.000000 0.000000 0.000000 0.000000 0.000000 0.000000 0.000000 0.000004 0.000084 0.000885 0.005959 0.028790 0.106415 0.313416 0.756989 1.533241 2.654495 4.000000 ]
[ 3.000000 1.990871 1.149931 0.567741 0.235062 0.079811 0.021592 0.004469 0.000664 0.000063 0.000003 0.000000 0.000000 0.000000 0.000000 0.000000 0.000000 0.000000 0.000000 0.000000 0.000000 0.000000 0.000000 0.000000 0.000000 0.000000 0.000000 0.000000 0.000000 0.000000 0.000000 0.000000 0.000000 0.000000 0.000000 0.000000 0.000000 0.000000 0.000000 0.000000 0.000000 0.000000 0.000000 0.000000 0.000000 0.000000 0.000000 0.000000 0.000000 0.000000 0.000000 0.000000 0.000000 0.000000 0.000000 0.000000 0.000000 0.000000 0.000000 0.000000 0.000000 0.000000 0.000000 0.000000 0.000000 0.000000 0.000000 0.000000 0.000000 0.000000 0.000000 0.000000 0.000000 0.000000 0.000000 0.000000 0.000000 0.000000 0.000000 0.000000 0.000000 0.000000 0.000000 0.000000 0.000000 0.000000 0.000000 0.000000 0.000000 0.000004 0.000084 0.000885 0.005959 0.028790 0.106415 0.313416 0.756989 1.533241 2.654495 4.000000 ]
[ 3.000000 1.990871 1.149931 0.567741 0.235062 0.079811 0.021592 0.004469 0.000664 0.000063 0.000003 0.000000 0.000000 0.000000 0.000000 0.000000 0.000000 0.000000 0.000000 0.000000 0.000000 0.000000 0.000000 0.000000 0.000000 0.000000 0.000000 0.000000 0.000000 0.000000 0.000000 0.000000 0.000000 0.000000 0.000000 0.000000 0.000000 0.000000 0.000000 0.000000 0.000000 0.000000 0.000000 0.000000 0.000000 0.000000 0.000000 0.000000 0.000000 0.000000 0.000000 0.000000 0.000000 0.000000 0.000000 0.000000 0.000000 0.000000 0.000000 0.000000 0.000000 0.000000 0.000000 0.000000 0.000000 0.000000 0.000000 0.000000 0.000000 0.000000 0.000000 0.000000 0.000000 0.000000 0.000000 0.000000 0.000000 0.000000 0.000000 0.000000 0.000000 0.000000 0.000000 0.000000 0.000000 0.000000 0.000000 0.000000 0.000000 0.000004 0.000084 0.000885 0.005959 0.028790 0.106415 0.313416 0.756989 1.533241 2.654495 4.000000 ]
[ 3.000000 1.990871 1.149931 0.567741 0.235062 0.079811 0.021592 0.004469 0.000664 0.000063 0.000003 0.000000 0.000000 0.000000 0.000000 0.000000 0.000000 0.000000 0.000000 0.000000 0.000000 0.000000 0.000000 0.000000 0.000000 0.000000 0.000000 0.000000 0.000000 0.000000 0.000000 0.000000 0.000000 0.000000 0.000000 0.000000 0.000000 0.000000 0.000000 0.000000 0.000000 0.000000 0.000000 0.000000 0.000000 0.000000 0.000000 0.000000 0.000000 0.000000 0.000000 0.000000 0.000000 0.000000 0.000000 0.000000 0.000000 0.000000 0.000000 0.000000 0.000000 0.000000 0.000000 0.000000 0.000000 0.000000 0.000000 0.000000 0.000000 0.000000 0.000000 0.000000 0.000000 0.000000 0.000000 0.000000 0.000000 0.000000 0.000000 0.000000 0.000000 0.000000 0.000000 0.000000 0.000000 0.000000 0.000000 0.000000 0.000000 0.000004 0.000084 0.000885 0.005959 0.028790 0.106415 0.313416 0.756989 1.533241 2.654495 4.000000 ]
[ 3.000000 1.990871 1.149931 0.567741 0.235062 0.079811 0.021592 0.004469 0.000664 0.000063 0.000003 0.000000 0.000000 0.000000 0.000000 0.000000 0.000000 0.000000 0.000000 0.000000 0.000000 0.000000 0.000000 0.000000 0.000000 0.000000 0.000000 0.000000 0.000000 0.000000 0.000000 0.000000 0.000000 0.000000 0.000000 0.000000 0.000000 0.000000 0.000000 0.000000 0.000000 0.000000 0.000000 0.000000 0.000000 0.000000 0.000000 0.000000 0.000000 0.000000 0.000000 0.000000 0.000000 0.000000 0.000000 0.000000 0.000000 0.000000 0.000000 0.000000 0.000000 0.000000 0.000000 0.000000 0.000000 0.000000 0.000000 0.000000 0.000000 0.000000 0.000000 0.000000 0.000000 0.000000 0.000000 0.000000 0.000000 0.000000 0.000000 0.000000 0.000000 0.000000 0.000000 0.000000 0.000000 0.000000 0.000000 0.000000 0.000000 0.000004 0.000084 0.000885 0.005959 0.028790 0.106415 0.313416 0.756989 1.533241 2.654495 4.000000 ]
[ 3.000000 1.990871 1.149931 0.567741 0.235062 0.079811 0.021592 0.004469 0.000664 0.000063 0.000003 0.000000 0.000000 0.000000 0.000000 0.000000 0.000000 0.000000 0.000000 0.000000 0.000000 0.000000 0.000000 0.000000 0.000000 0.000000 0.000000 0.000000 0.000000 0.000000 0.000000 0.000000 0.000000 0.000000 0.000000 0.000000 0.000000 0.000000 0.000000 0.000000 0.000000 0.000000 0.000000 0.000000 0.000000 0.000000 0.000000 0.000000 0.000000 0.000000 0.000000 0.000000 0.000000 0.000000 0.000000 0.000000 0.000000 0.000000 0.000000 0.000000 0.000000 0.000000 0.000000 0.000000 0.000000 0.000000 0.000000 0.000000 0.000000 0.000000 0.000000 0.000000 0.000000 0.000000 0.000000 0.000000 0.000000 0.000000 0.000000 0.000000 0.000000 0.000000 0.000000 0.000000 0.000000 0.000000 0.000000 0.000000 0.000000 0.000004 0.000084 0.000885 0.005959 0.028790 0.106415 0.313416 0.756989 1.533241 2.654495 4.000000 ]
[ 3.000000 1.990871 1.149931 0.567741 0.235062 0.079811 0.021592 0.004469 0.000664 0.000063 0.000003 0.000000 0.000000 0.000000 0.000000 0.000000 0.000000 0.000000 0.000000 0.000000 0.000000 0.000000 0.000000 0.000000 0.000000 0.000000 0.000000 0.000000 0.000000 0.000000 0.000000 0.000000 0.000000 0.000000 0.000000 0.000000 0.000000 0.000000 0.000000 0.000000 0.000000 0.000000 0.000000 0.000000 0.000000 0.000000 0.000000 0.000000 0.000000 0.000000 0.000000 0.000000 0.000000 0.000000 0.000000 0.000000 0.000000 0.000000 0.000000 0.000000 0.000000 0.000000 0.000000 0.000000 0.000000 0.000000 0.000000 0.000000 0.000000 0.000000 0.000000 0.000000 0.000000 0.000000 0.000000 0.000000 0.000000 0.000000 0.000000 0.000000 0.000000 0.000000 0.000000 0.000000 0.000000 0.000000 0.000000 0.000000 0.000000 0.000004 0.000084 0.000885 0.005959 0.028790 0.106415 0.313416 0.756989 1.533241 2.654495 4.000000 ]
[ 3.000000 1.990871 1.149931 0.567741 0.235062 0.079811 0.021592 0.004469 0.000664 0.000063 0.000003 0.000000 0.000000 0.000000 0.000000 0.000000 0.000000 0.000000 0.000000 0.000000 0.000000 0.000000 0.000000 0.000000 0.000000 0.000000 0.000000 0.000000 0.000000 0.000000 0.000000 0.000000 0.000000 0.000000 0.000000 0.000000 0.000000 0.000000 0.000000 0.000000 0.000000 0.000000 0.000000 0.000000 0.000000 0.000000 0.000000 0.000000 0.000000 0.000000 0.000000 0.000000 0.000000 0.000000 0.000000 0.000000 0.000000 0.000000 0.000000 0.000000 0.000000 0.000000 0.000000 0.000000 0.000000 0.000000 0.000000 0.000000 0.000000 0.000000 0.000000 0.000000 0.000000 0.000000 0.000000 0.000000 0.000000 0.000000 0.000000 0.000000 0.000000 0.000000 0.000000 0.000000 0.000000 0.000000 0.000000 0.000000 0.000000 0.000004 0.000084 0.000885 0.005959 0.028790 0.106415 0.313416 0.756989 1.533241 2.654495 4.000000 ]
[ 3.000000 1.990871 1.149931 0.567741 0.235062 0.079811 0.021592 0.004469 0.000664 0.000063 0.000003 0.000000 0.000000 0.000000 0.000000 0.000000 0.000000 0.000000 0.000000 0.000000 0.000000 0.000000 0.000000 0.000000 0.000000 0.000000 0.000000 0.000000 0.000000 0.000000 0.000000 0.000000 0.000000 0.000000 0.000000 0.000000 0.000000 0.000000 0.000000 0.000000 0.000000 0.000000 0.000000 0.000000 0.000000 0.000000 0.000000 0.000000 0.000000 0.000000 0.000000 0.000000 0.000000 0.000000 0.000000 0.000000 0.000000 0.000000 0.000000 0.000000 0.000000 0.000000 0.000000 0.000000 0.000000 0.000000 0.000000 0.000000 0.000000 0.000000 0.000000 0.000000 0.000000 0.000000 0.000000 0.000000 0.000000 0.000000 0.000000 0.000000 0.000000 0.000000 0.000000 0.000000 0.000000 0.000000 0.000000 0.000000 0.000000 0.000004 0.000084 0.000885 0.005959 0.028790 0.106415 0.313416 0.756989 1.533241 2.654495 4.000000 ]
[ 3.000000 1.990871 1.149931 0.567741 0.235062 0.079811 0.021592 0.004469 0.000664 0.000063 0.000003 0.000000 0.000000 0.000000 0.000000 0.000000 0.000000 0.000000 0.000000 0.000000 0.000000 0.000000 0.000000 0.000000 0.000000 0.000000 0.000000 0.000000 0.000000 0.000000 0.000000 0.000000 0.000000 0.000000 0.000000 0.000000 0.000000 0.000000 0.000000 0.000000 0.000000 0.000000 0.000000 0.000000 0.000000 0.000000 0.000000 0.000000 0.000000 0.000000 0.000000 0.000000 0.000000 0.000000 0.000000 0.000000 0.000000 0.000000 0.000000 0.000000 0.000000 0.000000 0.000000 0.000000 0.000000 0.000000 0.000000 0.000000 0.000000 0.000000 0.000000 0.000000 0.000000 0.000000 0.000000 0.000000 0.000000 0.000000 0.000000 0.000000 0.000000 0.000000 0.000000 0.000000 0.000000 0.000000 0.000000 0.000000 0.000000 0.000004 0.000084 0.000885 0.005959 0.028790 0.106415 0.313416 0.756989 1.533241 2.654495 4.000000 ]
[ 3.000000 1.990871 1.149931 0.567741 0.235062 0.079811 0.021592 0.004469 0.000664 0.000063 0.000003 0.000000 0.000000 0.000000 0.000000 0.000000 0.000000 0.000000 0.000000 0.000000 0.000000 0.000000 0.000000 0.000000 0.000000 0.000000 0.000000 0.000000 0.000000 0.000000 0.000000 0.000000 0.000000 0.000000 0.000000 0.000000 0.000000 0.000000 0.000000 0.000000 0.000000 0.000000 0.000000 0.000000 0.000000 0.000000 0.000000 0.000000 0.000000 0.000000 0.000000 0.000000 0.000000 0.000000 0.000000 0.000000 0.000000 0.000000 0.000000 0.000000 0.000000 0.000000 0.000000 0.000000 0.000000 0.000000 0.000000 0.000000 0.000000 0.000000 0.000000 0.000000 0.000000 0.000000 0.000000 0.000000 0.000000 0.000000 0.000000 0.000000 0.000000 0.000000 0.000000 0.000000 0.000000 0.000000 0.000000 0.000000 0.000000 0.000004 0.000084 0.000885 0.005959 0.028790 0.106415 0.313416 0.756989 1.533241 2.654495 4.000000 ]
[ 3.000000 1.990871 1.149931 0.567741 0.235062 0.079811 0.021592 0.004469 0.000664 0.000063 0.000003 0.000000 0.000000 0.000000 0.000000 0.000000 0.000000 0.000000 0.000000 0.000000 0.000000 0.000000 0.000000 0.000000 0.000000 0.000000 0.000000 0.000000 0.000000 0.000000 0.000000 0.000000 0.000000 0.000000 0.000000 0.000000 0.000000 0.000000 0.000000 0.000000 0.000000 0.000000 0.000000 0.000000 0.000000 0.000000 0.000000 0.000000 0.000000 0.000000 0.000000 0.000000 0.000000 0.000000 0.000000 0.000000 0.000000 0.000000 0.000000 0.000000 0.000000 0.000000 0.000000 0.000000 0.000000 0.000000 0.000000 0.000000 0.000000 0.000000 0.000000 0.000000 0.000000 0.000000 0.000000 0.000000 0.000000 0.000000 0.000000 0.000000 0.000000 0.000000 0.000000 0.000000 0.000000 0.000000 0.000000 0.000000 0.000000 0.000004 0.000084 0.000885 0.005959 0.028790 0.106415 0.313416 0.756989 1.533241 2.654495 4.000000 ]
[ 3.000000 1.990871 1.149931 0.567741 0.235062 0.079811 0.021592 0.004469 0.000664 0.000063 0.000003 0.000000 0.000000 0.000000 0.000000 0.000000 0.000000 0.000000 0.000000 0.000000 0.000000 0.000000 0.000000 0.000000 0.000000 0.000000 0.000000 0.000000 0.000000 0.000000 0.000000 0.000000 0.000000 0.000000 0.000000 0.000000 0.000000 0.000000 0.000000 0.000000 0.000000 0.000000 0.000000 0.000000 0.000000 0.000000 0.000000 0.000000 0.000000 0.000000 0.000000 0.000000 0.000000 0.000000 0.000000 0.000000 0.000000 0.000000 0.000000 0.000000 0.000000 0.000000 0.000000 0.000000 0.000000 0.000000 0.000000 0.000000 0.000000 0.000000 0.000000 0.000000 0.000000 0.000000 0.000000 0.000000 0.000000 0.000000 0.000000 0.000000 0.000000 0.000000 0.000000 0.000000 0.000000 0.000000 0.000000 0.000000 0.000000 0.000004 0.000084 0.000885 0.005959 0.028790 0.106415 0.313416 0.756989 1.533241 2.654495 4.000000 ]
[ 3.000000 1.990871 1.149931 0.567741 0.235062 0.079811 0.021592 0.004469 0.000664 0.000063 0.000003 0.000000 0.000000 0.000000 0.000000 0.000000 0.000000 0.000000 0.000000 0.000000 0.000000 0.000000 0.000000 0.000000 0.000000 0.000000 0.000000 0.000000 0.000000 0.000000 0.000000 0.000000 0.000000 0.000000 0.000000 0.000000 0.000000 0.000000 0.000000 0.000000 0.000000 0.000000 0.000000 0.000000 0.000000 0.000000 0.000000 0.000000 0.000000 0.000000 0.000000 0.000000 0.000000 0.000000 0.000000 0.000000 0.000000 0.000000 0.000000 0.000000 0.000000 0.000000 0.000000 0.000000 0.000000 0.000000 0.000000 0.000000 0.000000 0.000000 0.000000 0.000000 0.000000 0.000000 0.000000 0.000000 0.000000 0.000000 0.000000 0.000000 0.000000 0.000000 0.000000 0.000000 0.000000 0.000000 0.000000 0.000000 0.000000 0.000004 0.000084 0.000885 0.005959 0.028790 0.106415 0.313416 0.756989 1.533241 2.654495 4.000000 ]
[ 3.000000 1.990871 1.149931 0.567741 0.235062 0.079811 0.021592 0.004469 0.000664 0.000063 0.000003 0.000000 0.000000 0.000000 0.000000 0.000000 0.000000 0.000000 0.000000 0.000000 0.000000 0.000000 0.000000 0.000000 0.000000 0.000000 0.000000 0.000000 0.000000 0.000000 0.000000 0.000000 0.000000 0.000000 0.000000 0.000000 0.000000 0.000000 0.000000 0.000000 0.000000 0.000000 0.000000 0.000000 0.000000 0.000000 0.000000 0.000000 0.000000 0.000000 0.000000 0.000000 0.000000 0.000000 0.000000 0.000000 0.000000 0.000000 0.000000 0.000000 0.000000 0.000000 0.000000 0.000000 0.000000 0.000000 0.000000 0.000000 0.000000 0.000000 0.000000 0.000000 0.000000 0.000000 0.000000 0.000000 0.000000 0.000000 0.000000 0.000000 0.000000 0.000000 0.000000 0.000000 0.000000 0.000000 0.000000 0.000000 0.000000 0.000004 0.000084 0.000885 0.005959 0.028790 0.106415 0.313416 0.756989 1.533241 2.654495 4.000000 ]
[ 3.000000 1.990871 1.149931 0.567741 0.235062 0.079811 0.021592 0.004469 0.000664 0.000063 0.000003 0.000000 0.000000 0.000000 0.000000 0.000000 0.000000 0.000000 0.000000 0.000000 0.000000 0.000000 0.000000 0.000000 0.000000 0.000000 0.000000 0.000000 0.000000 0.000000 0.000000 0.000000 0.000000 0.000000 0.000000 0.000000 0.000000 0.000000 0.000000 0.000000 0.000000 0.000000 0.000000 0.000000 0.000000 0.000000 0.000000 0.000000 0.000000 0.000000 0.000000 0.000000 0.000000 0.000000 0.000000 0.000000 0.000000 0.000000 0.000000 0.000000 0.000000 0.000000 0.000000 0.000000 0.000000 0.000000 0.000000 0.000000 0.000000 0.000000 0.000000 0.000000 0.000000 0.000000 0.000000 0.000000 0.000000 0.000000 0.000000 0.000000 0.000000 0.000000 0.000000 0.000000 0.000000 0.000000 0.000000 0.000000 0.000000 0.000004 0.000084 0.000885 0.005959 0.028790 0.106415 0.313416 0.756989 1.533241 2.654495 4.000000 ]
[ 3.000000 1.990871 1.149931 0.567741 0.235062 0.079811 0.021592 0.004469 0.000664 0.000063 0.000003 0.000000 0.000000 0.000000 0.000000 0.000000 0.000000 0.000000 0.000000 0.000000 0.000000 0.000000 0.000000 0.000000 0.000000 0.000000 0.000000 0.000000 0.000000 0.000000 0.000000 0.000000 0.000000 0.000000 0.000000 0.000000 0.000000 0.000000 0.000000 0.000000 0.000000 0.000000 0.000000 0.000000 0.000000 0.000000 0.000000 0.000000 0.000000 0.000000 0.000000 0.000000 0.000000 0.000000 0.000000 0.000000 0.000000 0.000000 0.000000 0.000000 0.000000 0.000000 0.000000 0.000000 0.000000 0.000000 0.000000 0.000000 0.000000 0.000000 0.000000 0.000000 0.000000 0.000000 0.000000 0.000000 0.000000 0.000000 0.000000 0.000000 0.000000 0.000000 0.000000 0.000000 0.000000 0.000000 0.000000 0.000000 0.000000 0.000004 0.000084 0.000885 0.005959 0.028790 0.106415 0.313416 0.756989 1.533241 2.654495 4.000000 ]
[ 3.000000 1.990871 1.149931 0.567741 0.235062 0.079811 0.021592 0.004469 0.000664 0.000063 0.000003 0.000000 0.000000 0.000000 0.000000 0.000000 0.000000 0.000000 0.000000 0.000000 0.000000 0.000000 0.000000 0.000000 0.000000 0.000000 0.000000 0.000000 0.000000 0.000000 0.000000 0.000000 0.000000 0.000000 0.000000 0.000000 0.000000 0.000000 0.000000 0.000000 0.000000 0.000000 0.000000 0.000000 0.000000 0.000000 0.000000 0.000000 0.000000 0.000000 0.000000 0.000000 0.000000 0.000000 0.000000 0.000000 0.000000 0.000000 0.000000 0.000000 0.000000 0.000000 0.000000 0.000000 0.000000 0.000000 0.000000 0.000000 0.000000 0.000000 0.000000 0.000000 0.000000 0.000000 0.000000 0.000000 0.000000 0.000000 0.000000 0.000000 0.000000 0.000000 0.000000 0.000000 0.000000 0.000000 0.000000 0.000000 0.000000 0.000004 0.000084 0.000885 0.005959 0.028790 0.106415 0.313416 0.756989 1.533241 2.654495 4.000000 ]
[ 3.000000 1.990871 1.149931 0.567741 0.235062 0.079811 0.021592 0.004469 0.000664 0.000063 0.000003 0.000000 0.000000 0.000000 0.000000 0.000000 0.000000 0.000000 0.000000 0.000000 0.000000 0.000000 0.000000 0.000000 0.000000 0.000000 0.000000 0.000000 0.000000 0.000000 0.000000 0.000000 0.000000 0.000000 0.000000 0.000000 0.000000 0.000000 0.000000 0.000000 0.000000 0.000000 0.000000 0.000000 0.000000 0.000000 0.000000 0.000000 0.000000 0.000000 0.000000 0.000000 0.000000 0.000000 0.000000 0.000000 0.000000 0.000000 0.000000 0.000000 0.000000 0.000000 0.000000 0.000000 0.000000 0.000000 0.000000 0.000000 0.000000 0.000000 0.000000 0.000000 0.000000 0.000000 0.000000 0.000000 0.000000 0.000000 0.000000 0.000000 0.000000 0.000000 0.000000 0.000000 0.000000 0.000000 0.000000 0.000000 0.000000 0.000004 0.000084 0.000885 0.005959 0.028790 0.106415 0.313416 0.756989 1.533241 2.654495 4.000000 ]
[ 3.000000 1.990871 1.149931 0.567741 0.235062 0.079811 0.021592 0.004469 0.000664 0.000063 0.000003 0.000000 0.000000 0.000000 0.000000 0.000000 0.000000 0.000000 0.000000 0.000000 0.000000 0.000000 0.000000 0.000000 0.000000 0.000000 0.000000 0.000000 0.000000 0.000000 0.000000 0.000000 0.000000 0.000000 0.000000 0.000000 0.000000 0.000000 0.000000 0.000000 0.000000 0.000000 0.000000 0.000000 0.000000 0.000000 0.000000 0.000000 0.000000 0.000000 0.000000 0.000000 0.000000 0.000000 0.000000 0.000000 0.000000 0.000000 0.000000 0.000000 0.000000 0.000000 0.000000 0.000000 0.000000 0.000000 0.000000 0.000000 0.000000 0.000000 0.000000 0.000000 0.000000 0.000000 0.000000 0.000000 0.000000 0.000000 0.000000 0.000000 0.000000 0.000000 0.000000 0.000000 0.000000 0.000000 0.000000 0.000000 0.000000 0.000004 0.000084 0.000885 0.005959 0.028790 0.106415 0.313416 0.756989 1.533241 2.654495 4.000000 ]
[ 3.000000 1.990871 1.149931 0.567741 0.235062 0.079811 0.021592 0.004469 0.000664 0.000063 0.000003 0.000000 0.000000 0.000000 0.000000 0.000000 0.000000 0.000000 0.000000 0.000000 0.000000 0.000000 0.000000 0.000000 0.000000 0.000000 0.000000 0.000000 0.000000 0.000000 0.000000 0.000000 0.000000 0.000000 0.000000 0.000000 0.000000 0.000000 0.000000 0.000000 0.000000 0.000000 0.000000 0.000000 0.000000 0.000000 0.000000 0.000000 0.000000 0.000000 0.000000 0.000000 0.000000 0.000000 0.000000 0.000000 0.000000 0.000000 0.000000 0.000000 0.000000 0.000000 0.000000 0.000000 0.000000 0.000000 0.000000 0.000000 0.000000 0.000000 0.000000 0.000000 0.000000 0.000000 0.000000 0.000000 0.000000 0.000000 0.000000 0.000000 0.000000 0.000000 0.000000 0.000000 0.000000 0.000000 0.000000 0.000000 0.000000 0.000004 0.000084 0.000885 0.005959 0.028790 0.106415 0.313416 0.756989 1.533241 2.654495 4.000000 ]
[ 3.000000 1.990871 1.149931 0.567741 0.235062 0.079811 0.021592 0.004469 0.000664 0.000063 0.000003 0.000000 0.000000 0.000000 0.000000 0.000000 0.000000 0.000000 0.000000 0.000000 0.000000 0.000000 0.000000 0.000000 0.000000 0.000000 0.000000 0.000000 0.000000 0.000000 0.000000 0.000000 0.000000 0.000000 0.000000 0.000000 0.000000 0.000000 0.000000 0.000000 0.000000 0.000000 0.000000 0.000000 0.000000 0.000000 0.000000 0.000000 0.000000 0.000000 0.000000 0.000000 0.000000 0.000000 0.000000 0.000000 0.000000 0.000000 0.000000 0.000000 0.000000 0.000000 0.000000 0.000000 0.000000 0.000000 0.000000 0.000000 0.000000 0.000000 0.000000 0.000000 0.000000 0.000000 0.000000 0.000000 0.000000 0.000000 0.000000 0.000000 0.000000 0.000000 0.000000 0.000000 0.000000 0.000000 0.000000 0.000000 0.000000 0.000004 0.000084 0.000885 0.005959 0.028790 0.106415 0.313416 0.756989 1.533241 2.654495 4.000000 ]
[ 3.000000 1.990871 1.149931 0.567741 0.235062 0.079811 0.021592 0.004469 0.000664 0.000063 0.000003 0.000000 0.000000 0.000000 0.000000 0.000000 0.000000 0.000000 0.000000 0.000000 0.000000 0.000000 0.000000 0.000000 0.000000 0.000000 0.000000 0.000000 0.000000 0.000000 0.000000 0.000000 0.000000 0.000000 0.000000 0.000000 0.000000 0.000000 0.000000 0.000000 0.000000 0.000000 0.000000 0.000000 0.000000 0.000000 0.000000 0.000000 0.000000 0.000000 0.000000 0.000000 0.000000 0.000000 0.000000 0.000000 0.000000 0.000000 0.000000 0.000000 0.000000 0.000000 0.000000 0.000000 0.000000 0.000000 0.000000 0.000000 0.000000 0.000000 0.000000 0.000000 0.000000 0.000000 0.000000 0.000000 0.000000 0.000000 0.000000 0.000000 0.000000 0.000000 0.000000 0.000000 0.000000 0.000000 0.000000 0.000000 0.000000 0.000004 0.000084 0.000885 0.005959 0.028790 0.106415 0.313416 0.756989 1.533241 2.654495 4.000000 ]
[ 3.000000 1.990871 1.149931 0.567741 0.235062 0.079811 0.021592 0.004469 0.000664 0.000063 0.000003 0.000000 0.000000 0.000000 0.000000 0.000000 0.000000 0.000000 0.000000 0.000000 0.000000 0.000000 0.000000 0.000000 0.000000 0.000000 0.000000 0.000000 0.000000 0.000000 0.000000 0.000000 0.000000 0.000000 0.000000 0.000000 0.000000 0.000000 0.000000 0.000000 0.000000 0.000000 0.000000 0.000000 0.000000 0.000000 0.000000 0.000000 0.000000 0.000000 0.000000 0.000000 0.000000 0.000000 0.000000 0.000000 0.000000 0.000000 0.000000 0.000000 0.000000 0.000000 0.000000 0.000000 0.000000 0.000000 0.000000 0.000000 0.000000 0.000000 0.000000 0.000000 0.000000 0.000000 0.000000 0.000000 0.000000 0.000000 0.000000 0.000000 0.000000 0.000000 0.000000 0.000000 0.000000 0.000000 0.000000 0.000000 0.000000 0.000004 0.000084 0.000885 0.005959 0.028790 0.106415 0.313416 0.756989 1.533241 2.654495 4.000000 ]
[ 3.000000 1.990871 1.149931 0.567741 0.235062 0.079811 0.021592 0.004469 0.000664 0.000063 0.000003 0.000000 0.000000 0.000000 0.000000 0.000000 0.000000 0.000000 0.000000 0.000000 0.000000 0.000000 0.000000 0.000000 0.000000 0.000000 0.000000 0.000000 0.000000 0.000000 0.000000 0.000000 0.000000 0.000000 0.000000 0.000000 0.000000 0.000000 0.000000 0.000000 0.000000 0.000000 0.000000 0.000000 0.000000 0.000000 0.000000 0.000000 0.000000 0.000000 0.000000 0.000000 0.000000 0.000000 0.000000 0.000000 0.000000 0.000000 0.000000 0.000000 0.000000 0.000000 0.000000 0.000000 0.000000 0.000000 0.000000 0.000000 0.000000 0.000000 0.000000 0.000000 0.000000 0.000000 0.000000 0.000000 0.000000 0.000000 0.000000 0.000000 0.000000 0.000000 0.000000 0.000000 0.000000 0.000000 0.000000 0.000000 0.000000 0.000004 0.000084 0.000885 0.005959 0.028790 0.106415 0.313416 0.756989 1.533241 2.654495 4.000000 ]
[ 3.000000 1.990871 1.149931 0.567741 0.235062 0.079811 0.021592 0.004469 0.000664 0.000063 0.000003 0.000000 0.000000 0.000000 0.000000 0.000000 0.000000 0.000000 0.000000 0.000000 0.000000 0.000000 0.000000 0.000000 0.000000 0.000000 0.000000 0.000000 0.000000 0.000000 0.000000 0.000000 0.000000 0.000000 0.000000 0.000000 0.000000 0.000000 0.000000 0.000000 0.000000 0.000000 0.000000 0.000000 0.000000 0.000000 0.000000 0.000000 0.000000 0.000000 0.000000 0.000000 0.000000 0.000000 0.000000 0.000000 0.000000 0.000000 0.000000 0.000000 0.000000 0.000000 0.000000 0.000000 0.000000 0.000000 0.000000 0.000000 0.000000 0.000000 0.000000 0.000000 0.000000 0.000000 0.000000 0.000000 0.000000 0.000000 0.000000 0.000000 0.000000 0.000000 0.000000 0.000000 0.000000 0.000000 0.000000 0.000000 0.000000 0.000004 0.000084 0.000885 0.005959 0.028790 0.106415 0.313416 0.756989 1.533241 2.654495 4.000000 ]
[ 3.000000 1.990871 1.149931 0.567741 0.235062 0.079811 0.021592 0.004469 0.000664 0.000063 0.000003 0.000000 0.000000 0.000000 0.000000 0.000000 0.000000 0.000000 0.000000 0.000000 0.000000 0.000000 0.000000 0.000000 0.000000 0.000000 0.000000 0.000000 0.000000 0.000000 0.000000 0.000000 0.000000 0.000000 0.000000 0.000000 0.000000 0.000000 0.000000 0.000000 0.000000 0.000000 0.000000 0.000000 0.000000 0.000000 0.000000 0.000000 0.000000 0.000000 0.000000 0.000000 0.000000 0.000000 0.000000 0.000000 0.000000 0.000000 0.000000 0.000000 0.000000 0.000000 0.000000 0.000000 0.000000 0.000000 0.000000 0.000000 0.000000 0.000000 0.000000 0.000000 0.000000 0.000000 0.000000 0.000000 0.000000 0.000000 0.000000 0.000000 0.000000 0.000000 0.000000 0.000000 0.000000 0.000000 0.000000 0.000000 0.000000 0.000004 0.000084 0.000885 0.005959 0.028790 0.106415 0.313416 0.756989 1.533241 2.654495 4.000000 ]
[ 3.000000 1.990871 1.149931 0.567741 0.235062 0.079811 0.021592 0.004469 0.000664 0.000063 0.000003 0.000000 0.000000 0.000000 0.000000 0.000000 0.000000 0.000000 0.000000 0.000000 0.000000 0.000000 0.000000 0.000000 0.000000 0.000000 0.000000 0.000000 0.000000 0.000000 0.000000 0.000000 0.000000 0.000000 0.000000 0.000000 0.000000 0.000000 0.000000 0.000000 0.000000 0.000000 0.000000 0.000000 0.000000 0.000000 0.000000 0.000000 0.000000 0.000000 0.000000 0.000000 0.000000 0.000000 0.000000 0.000000 0.000000 0.000000 0.000000 0.000000 0.000000 0.000000 0.000000 0.000000 0.000000 0.000000 0.000000 0.000000 0.000000 0.000000 0.000000 0.000000 0.000000 0.000000 0.000000 0.000000 0.000000 0.000000 0.000000 0.000000 0.000000 0.000000 0.000000 0.000000 0.000000 0.000000 0.000000 0.000000 0.000000 0.000004 0.000084 0.000885 0.005959 0.028790 0.106415 0.313416 0.756989 1.533241 2.654495 4.000000 ]
[ 3.000000 1.990871 1.149931 0.567741 0.235062 0.079811 0.021592 0.004469 0.000664 0.000063 0.000003 0.000000 0.000000 0.000000 0.000000 0.000000 0.000000 0.000000 0.000000 0.000000 0.000000 0.000000 0.000000 0.000000 0.000000 0.000000 0.000000 0.000000 0.000000 0.000000 0.000000 0.000000 0.000000 0.000000 0.000000 0.000000 0.000000 0.000000 0.000000 0.000000 0.000000 0.000000 0.000000 0.000000 0.000000 0.000000 0.000000 0.000000 0.000000 0.000000 0.000000 0.000000 0.000000 0.000000 0.000000 0.000000 0.000000 0.000000 0.000000 0.000000 0.000000 0.000000 0.000000 0.000000 0.000000 0.000000 0.000000 0.000000 0.000000 0.000000 0.000000 0.000000 0.000000 0.000000 0.000000 0.000000 0.000000 0.000000 0.000000 0.000000 0.000000 0.000000 0.000000 0.000000 0.000000 0.000000 0.000000 0.000000 0.000000 0.000004 0.000084 0.000885 0.005959 0.028790 0.106415 0.313416 0.756989 1.533241 2.654495 4.000000 ]
[ 3.000000 1.990871 1.149931 0.567741 0.235062 0.079811 0.021592 0.004469 0.000664 0.000063 0.000003 0.000000 0.000000 0.000000 0.000000 0.000000 0.000000 0.000000 0.000000 0.000000 0.000000 0.000000 0.000000 0.000000 0.000000 0.000000 0.000000 0.000000 0.000000 0.000000 0.000000 0.000000 0.000000 0.000000 0.000000 0.000000 0.000000 0.000000 0.000000 0.000000 0.000000 0.000000 0.000000 0.000000 0.000000 0.000000 0.000000 0.000000 0.000000 0.000000 0.000000 0.000000 0.000000 0.000000 0.000000 0.000000 0.000000 0.000000 0.000000 0.000000 0.000000 0.000000 0.000000 0.000000 0.000000 0.000000 0.000000 0.000000 0.000000 0.000000 0.000000 0.000000 0.000000 0.000000 0.000000 0.000000 0.000000 0.000000 0.000000 0.000000 0.000000 0.000000 0.000000 0.000000 0.000000 0.000000 0.000000 0.000000 0.000000 0.000004 0.000084 0.000885 0.005959 0.028790 0.106415 0.313416 0.756989 1.533241 2.654495 4.000000 ]
[ 3.000000 1.990871 1.149931 0.567741 0.235062 0.079811 0.021592 0.004469 0.000664 0.000063 0.000003 0.000000 0.000000 0.000000 0.000000 0.000000 0.000000 0.000000 0.000000 0.000000 0.000000 0.000000 0.000000 0.000000 0.000000 0.000000 0.000000 0.000000 0.000000 0.000000 0.000000 0.000000 0.000000 0.000000 0.000000 0.000000 0.000000 0.000000 0.000000 0.000000 0.000000 0.000000 0.000000 0.000000 0.000000 0.000000 0.000000 0.000000 0.000000 0.000000 0.000000 0.000000 0.000000 0.000000 0.000000 0.000000 0.000000 0.000000 0.000000 0.000000 0.000000 0.000000 0.000000 0.000000 0.000000 0.000000 0.000000 0.000000 0.000000 0.000000 0.000000 0.000000 0.000000 0.000000 0.000000 0.000000 0.000000 0.000000 0.000000 0.000000 0.000000 0.000000 0.000000 0.000000 0.000000 0.000000 0.000000 0.000000 0.000000 0.000004 0.000084 0.000885 0.005959 0.028790 0.106415 0.313416 0.756989 1.533241 2.654495 4.000000 ]
[ 3.000000 1.990871 1.149931 0.567741 0.235062 0.079811 0.021592 0.004469 0.000664 0.000063 0.000003 0.000000 0.000000 0.000000 0.000000 0.000000 0.000000 0.000000 0.000000 0.000000 0.000000 0.000000 0.000000 0.000000 0.000000 0.000000 0.000000 0.000000 0.000000 0.000000 0.000000 0.000000 0.000000 0.000000 0.000000 0.000000 0.000000 0.000000 0.000000 0.000000 0.000000 0.000000 0.000000 0.000000 0.000000 0.000000 0.000000 0.000000 0.000000 0.000000 0.000000 0.000000 0.000000 0.000000 0.000000 0.000000 0.000000 0.000000 0.000000 0.000000 0.000000 0.000000 0.000000 0.000000 0.000000 0.000000 0.000000 0.000000 0.000000 0.000000 0.000000 0.000000 0.000000 0.000000 0.000000 0.000000 0.000000 0.000000 0.000000 0.000000 0.000000 0.000000 0.000000 0.000000 0.000000 0.000000 0.000000 0.000000 0.000000 0.000004 0.000084 0.000885 0.005959 0.028790 0.106415 0.313416 0.756989 1.533241 2.654495 4.000000 ]
[ 3.000000 1.990871 1.149931 0.567741 0.235062 0.079811 0.021592 0.004469 0.000664 0.000063 0.000003 0.000000 0.000000 0.000000 0.000000 0.000000 0.000000 0.000000 0.000000 0.000000 0.000000 0.000000 0.000000 0.000000 0.000000 0.000000 0.000000 0.000000 0.000000 0.000000 0.000000 0.000000 0.000000 0.000000 0.000000 0.000000 0.000000 0.000000 0.000000 0.000000 0.000000 0.000000 0.000000 0.000000 0.000000 0.000000 0.000000 0.000000 0.000000 0.000000 0.000000 0.000000 0.000000 0.000000 0.000000 0.000000 0.000000 0.000000 0.000000 0.000000 0.000000 0.000000 0.000000 0.000000 0.000000 0.000000 0.000000 0.000000 0.000000 0.000000 0.000000 0.000000 0.000000 0.000000 0.000000 0.000000 0.000000 0.000000 0.000000 0.000000 0.000000 0.000000 0.000000 0.000000 0.000000 0.000000 0.000000 0.000000 0.000000 0.000004 0.000084 0.000885 0.005959 0.028790 0.106415 0.313416 0.756989 1.533241 2.654495 4.000000 ]
[ 3.000000 1.990871 1.149931 0.567741 0.235062 0.079811 0.021592 0.004469 0.000664 0.000063 0.000003 0.000000 0.000000 0.000000 0.000000 0.000000 0.000000 0.000000 0.000000 0.000000 0.000000 0.000000 0.000000 0.000000 0.000000 0.000000 0.000000 0.000000 0.000000 0.000000 0.000000 0.000000 0.000000 0.000000 0.000000 0.000000 0.000000 0.000000 0.000000 0.000000 0.000000 0.000000 0.000000 0.000000 0.000000 0.000000 0.000000 0.000000 0.000000 0.000000 0.000000 0.000000 0.000000 0.000000 0.000000 0.000000 0.000000 0.000000 0.000000 0.000000 0.000000 0.000000 0.000000 0.000000 0.000000 0.000000 0.000000 0.000000 0.000000 0.000000 0.000000 0.000000 0.000000 0.000000 0.000000 0.000000 0.000000 0.000000 0.000000 0.000000 0.000000 0.000000 0.000000 0.000000 0.000000 0.000000 0.000000 0.000000 0.000000 0.000004 0.000084 0.000885 0.005959 0.028790 0.106415 0.313416 0.756989 1.533241 2.654495 4.000000 ]
[ 3.000000 1.990871 1.149931 0.567741 0.235062 0.079811 0.021592 0.004469 0.000664 0.000063 0.000003 0.000000 0.000000 0.000000 0.000000 0.000000 0.000000 0.000000 0.000000 0.000000 0.000000 0.000000 0.000000 0.000000 0.000000 0.000000 0.000000 0.000000 0.000000 0.000000 0.000000 0.000000 0.000000 0.000000 0.000000 0.000000 0.000000 0.000000 0.000000 0.000000 0.000000 0.000000 0.000000 0.000000 0.000000 0.000000 0.000000 0.000000 0.000000 0.000000 0.000000 0.000000 0.000000 0.000000 0.000000 0.000000 0.000000 0.000000 0.000000 0.000000 0.000000 0.000000 0.000000 0.000000 0.000000 0.000000 0.000000 0.000000 0.000000 0.000000 0.000000 0.000000 0.000000 0.000000 0.000000 0.000000 0.000000 0.000000 0.000000 0.000000 0.000000 0.000000 0.000000 0.000000 0.000000 0.000000 0.000000 0.000000 0.000000 0.000004 0.000084 0.000885 0.005959 0.028790 0.106415 0.313416 0.756989 1.533241 2.654495 4.000000 ]
[ 3.000000 1.990871 1.149931 0.567741 0.235062 0.079811 0.021592 0.004469 0.000664 0.000063 0.000003 0.000000 0.000000 0.000000 0.000000 0.000000 0.000000 0.000000 0.000000 0.000000 0.000000 0.000000 0.000000 0.000000 0.000000 0.000000 0.000000 0.000000 0.000000 0.000000 0.000000 0.000000 0.000000 0.000000 0.000000 0.000000 0.000000 0.000000 0.000000 0.000000 0.000000 0.000000 0.000000 0.000000 0.000000 0.000000 0.000000 0.000000 0.000000 0.000000 0.000000 0.000000 0.000000 0.000000 0.000000 0.000000 0.000000 0.000000 0.000000 0.000000 0.000000 0.000000 0.000000 0.000000 0.000000 0.000000 0.000000 0.000000 0.000000 0.000000 0.000000 0.000000 0.000000 0.000000 0.000000 0.000000 0.000000 0.000000 0.000000 0.000000 0.000000 0.000000 0.000000 0.000000 0.000000 0.000000 0.000000 0.000000 0.000000 0.000004 0.000084 0.000885 0.005959 0.028790 0.106415 0.313416 0.756989 1.533241 2.654495 4.000000 ]
[ 3.000000 1.990871 1.149931 0.567741 0.235062 0.079811 0.021592 0.004469 0.000664 0.000063 0.000003 0.000000 0.000000 0.000000 0.000000 0.000000 0.000000 0.000000 0.000000 0.000000 0.000000 0.000000 0.000000 0.000000 0.000000 0.000000 0.000000 0.000000 0.000000 0.000000 0.000000 0.000000 0.000000 0.000000 0.000000 0.000000 0.000000 0.000000 0.000000 0.000000 0.000000 0.000000 0.000000 0.000000 0.000000 0.000000 0.000000 0.000000 0.000000 0.000000 0.000000 0.000000 0.000000 0.000000 0.000000 0.000000 0.000000 0.000000 0.000000 0.000000 0.000000 0.000000 0.000000 0.000000 0.000000 0.000000 0.000000 0.000000 0.000000 0.000000 0.000000 0.000000 0.000000 0.000000 0.000000 0.000000 0.000000 0.000000 0.000000 0.000000 0.000000 0.000000 0.000000 0.000000 0.000000 0.000000 0.000000 0.000000 0.000000 0.000004 0.000084 0.000885 0.005959 0.028790 0.106415 0.313416 0.756989 1.533241 2.654495 4.000000 ]
[ 3.000000 1.990871 1.149931 0.567741 0.235062 0.079811 0.021592 0.004469 0.000664 0.000063 0.000003 0.000000 0.000000 0.000000 0.000000 0.000000 0.000000 0.000000 0.000000 0.000000 0.000000 0.000000 0.000000 0.000000 0.000000 0.000000 0.000000 0.000000 0.000000 0.000000 0.000000 0.000000 0.000000 0.000000 0.000000 0.000000 0.000000 0.000000 0.000000 0.000000 0.000000 0.000000 0.000000 0.000000 0.000000 0.000000 0.000000 0.000000 0.000000 0.000000 0.000000 0.000000 0.000000 0.000000 0.000000 0.000000 0.000000 0.000000 0.000000 0.000000 0.000000 0.000000 0.000000 0.000000 0.000000 0.000000 0.000000 0.000000 0.000000 0.000000 0.000000 0.000000 0.000000 0.000000 0.000000 0.000000 0.000000 0.000000 0.000000 0.000000 0.000000 0.000000 0.000000 0.000000 0.000000 0.000000 0.000000 0.000000 0.000000 0.000004 0.000084 0.000885 0.005959 0.028790 0.106415 0.313416 0.756989 1.533241 2.654495 4.000000 ]
[ 3.000000 1.990871 1.149931 0.567741 0.235062 0.079811 0.021592 0.004469 0.000664 0.000063 0.000003 0.000000 0.000000 0.000000 0.000000 0.000000 0.000000 0.000000 0.000000 0.000000 0.000000 0.000000 0.000000 0.000000 0.000000 0.000000 0.000000 0.000000 0.000000 0.000000 0.000000 0.000000 0.000000 0.000000 0.000000 0.000000 0.000000 0.000000 0.000000 0.000000 0.000000 0.000000 0.000000 0.000000 0.000000 0.000000 0.000000 0.000000 0.000000 0.000000 0.000000 0.000000 0.000000 0.000000 0.000000 0.000000 0.000000 0.000000 0.000000 0.000000 0.000000 0.000000 0.000000 0.000000 0.000000 0.000000 0.000000 0.000000 0.000000 0.000000 0.000000 0.000000 0.000000 0.000000 0.000000 0.000000 0.000000 0.000000 0.000000 0.000000 0.000000 0.000000 0.000000 0.000000 0.000000 0.000000 0.000000 0.000000 0.000000 0.000004 0.000084 0.000885 0.005959 0.028790 0.106415 0.313416 0.756989 1.533241 2.654495 4.000000 ]
[ 3.000000 1.990871 1.149931 0.567741 0.235062 0.079811 0.021592 0.004469 0.000664 0.000063 0.000003 0.000000 0.000000 0.000000 0.000000 0.000000 0.000000 0.000000 0.000000 0.000000 0.000000 0.000000 0.000000 0.000000 0.000000 0.000000 0.000000 0.000000 0.000000 0.000000 0.000000 0.000000 0.000000 0.000000 0.000000 0.000000 0.000000 0.000000 0.000000 0.000000 0.000000 0.000000 0.000000 0.000000 0.000000 0.000000 0.000000 0.000000 0.000000 0.000000 0.000000 0.000000 0.000000 0.000000 0.000000 0.000000 0.000000 0.000000 0.000000 0.000000 0.000000 0.000000 0.000000 0.000000 0.000000 0.000000 0.000000 0.000000 0.000000 0.000000 0.000000 0.000000 0.000000 0.000000 0.000000 0.000000 0.000000 0.000000 0.000000 0.000000 0.000000 0.000000 0.000000 0.000000 0.000000 0.000000 0.000000 0.000000 0.000000 0.000004 0.000084 0.000885 0.005959 0.028790 0.106415 0.313416 0.756989 1.533241 2.654495 4.000000 ]
[ 3.000000 1.990871 1.149931 0.567741 0.235062 0.079811 0.021592 0.004469 0.000664 0.000063 0.000003 0.000000 0.000000 0.000000 0.000000 0.000000 0.000000 0.000000 0.000000 0.000000 0.000000 0.000000 0.000000 0.000000 0.000000 0.000000 0.000000 0.000000 0.000000 0.000000 0.000000 0.000000 0.000000 0.000000 0.000000 0.000000 0.000000 0.000000 0.000000 0.000000 0.000000 0.000000 0.000000 0.000000 0.000000 0.000000 0.000000 0.000000 0.000000 0.000000 0.000000 0.000000 0.000000 0.000000 0.000000 0.000000 0.000000 0.000000 0.000000 0.000000 0.000000 0.000000 0.000000 0.000000 0.000000 0.000000 0.000000 0.000000 0.000000 0.000000 0.000000 0.000000 0.000000 0.000000 0.000000 0.000000 0.000000 0.000000 0.000000 0.000000 0.000000 0.000000 0.000000 0.000000 0.000000 0.000000 0.000000 0.000000 0.000000 0.000004 0.000084 0.000885 0.005959 0.028790 0.106415 0.313416 0.756989 1.533241 2.654495 4.000000 ]
[ 3.000000 1.990873 1.149933 0.567743 0.235064 0.079813 0.021594 0.004471 0.000666 0.000065 0.000005 0.000002 0.000002 0.000002 0.000002 0.000002 0.000002 0.000002 0.000002 0.000002 0.000002 0.000002 0.000002 0.000002 0.000002 0.000002 0.000002 0.000002 0.000002 0.000002 0.000002 0.000002 0.000002 0.000002 0.000002 0.000002 0.000002 0.000002 0.000002 0.000002 0.000002 0.000002 0.000002 0.000002 0.000002 0.000002 0.000002 0.000002 0.000002 0.000002 0.000002 0.000002 0.000002 0.000002 0.000002 0.000002 0.000002 0.000002 0.000002 0.000002 0.000002 0.000002 0.000002 0.000002 0.000002 0.000002 0.000002 0.000002 0.000002 0.000002 0.000002 0.000002 0.000002 0.000002 0.000002 0.000002 0.000002 0.000002 0.000002 0.000002 0.000002 0.000002 0.000002 0.000002 0.000002 0.000002 0.000002 0.000002 0.000002 0.000006 0.000086 0.000887 0.005960 0.028791 0.106417 0.313417 0.756990 1.533243 2.654497 4.000000 ]
[ 3.000000 1.990893 1.149973 0.567783 0.235104 0.079853 0.021634 0.004511 0.000706 0.000105 0.000045 0.000042 0.000042 0.000042 0.000042 0.000042 0.000042 0.000042 0.000042 0.000042 0.000042 0.000042 0.000042 0.000042 0.000042 0.000042 0.000042 0.000042 0.000042 0.000042 0.000042 0.000042 0.000042 0.000042 0.000042 0.000042 0.000042 0.000042 0.000042 0.000042 0.000042 0.000042 0.000042 0.000042 0.000042 0.000042 0.000042 0.000042 0.000042 0.000042 0.000042 0.000042 0.000042 0.000042 0.000042 0.000042 0.000042 0.000042 0.000042 0.000042 0.000042 0.000042 0.000042 0.000042 0.000042 0.000042 0.000042 0.000042 0.000042 0.000042 0.000042 0.000042 0.000042 0.000042 0.000042 0.000042 0.000042 0.000042 0.000042 0.000042 0.000042 0.000042 0.000042 0.000042 0.000042 0.000042 0.000042 0.000042 0.000042 0.000046 0.000126 0.000927 0.006001 0.028831 0.106457 0.313457 0.757030 1.533283 2.654516 4.000000 ]
[ 3.000000 1.991098 1.150279 0.568184 0.235504 0.080254 0.022035 0.004911 0.001106 0.000505 0.000445 0.000443 0.000443 0.000443 0.000443 0.000443 0.000443 0.000443 0.000443 0.000443 0.000443 0.000443 0.000443 0.000443 0.000443 0.000443 0.000443 0.000443 0.000443 0.000443 0.000443 0.000443 0.000443 0.000443 0.000443 0.000443 0.000443 0.000443 0.000443 0.000443 0.000443 0.000443 0.000443 0.000443 0.000443 0.000443 0.000443 0.000443 0.000443 0.000443 0.000443 0.000443 0.000443 0.000443 0.000443 0.000443 0.000443 0.000443 0.000443 0.000443 0.000443 0.000443 0.000443 0.000443 0.000443 0.000443 0.000443 0.000443 0.000443 0.000443 0.000443 0.000443 0.000443 0.000443 0.000443 0.000443 0.000443 0.000443 0.000443 0.000443 0.000443 0.000443 0.000443 0.000443 0.000443 0.000443 0.000443 0.000443 0.000443 0.000446 0.000526 0.001328 0.006401 0.029232 0.106857 0.313858 0.757431 1.533581 2.654716 4.000000 ]
[ 3.000000 1.992085 1.152233 0.570457 0.238041 0.082790 0.024571 0.007448 0.003643 0.003042 0.002982 0.002979 0.002979 0.002979 0.002979 0.002979 0.002979 0.002979 0.002979 0.002979 0.002979 0.002979 0.002979 0.002979 0.002979 0.002979 0.002979 0.002979 0.002979 0.002979 0.002979 0.002979 0.002979 0.002979 0.002979 0.002979 0.002979 0.002979 0.002979 0.002979 0.002979 0.002979 0.002979 0.002979 0.002979 0.002979 0.002979 0.002979 0.002979 0.002979 0.002979 0.002979 0.002979 0.002979 0.002979 0.002979 0.002979 0.002979 0.002979 0.002979 0.002979 0.002979 0.002979 0.002979 0.002979 0.002979 0.002979 0.002979 0.002979 0.002979 0.002979 0.002979 0.002979 0.002979 0.002979 0.002979 0.002979 0.002979 0.002979 0.002979 0.002979 0.002979 0.002979 0.002979 0.002979 0.002979 0.002979 0.002979 0.002979 0.002983 0.003063 0.003864 0.008938 0.031769 0.109394 0.316395 0.759670 1.535496 2.655642 4.000000 ]
[ 3.000000 1.996550 1.159735 0.580702 0.248976 0.094206 0.035987 0.018864 0.015059 0.014458 0.014398 0.014395 0.014395 0.014395 0.014395 0.014395 0.014395 0.014395 0.014395 0.014395 0.014395 0.014395 0.014395 0.014395 0.014395 0.014395 0.014395 0.014395 0.014395 0.014395 0.014395 0.014395 0.014395 0.014395 0.014395 0.014395 0.014395 0.014395 0.014395 0.014395 0.014395 0.014395 0.014395 0.014395 0.014395 0.014395 0.014395 0.014395 0.014395 0.014395 0.014395 0.014395 0.014395 0.014395 0.014395 0.014395 0.014395 0.014395 0.014395 0.014395 0.014395 0.014395 0.014395 0.014395 0.014395 0.014395 0.014395 0.014395 0.014395 0.014395 0.014395 0.014395 0.014395 0.014395 0.014395 0.014395 0.014395 0.014395 0.014395 0.014395 0.014395 0.014395 0.014395 0.014395 0.014395 0.014395 0.014395 0.014395 0.014395 0.014399 0.014479 0.015280 0.020353 0.043184 0.120810 0.327250 0.769773 1.542631 2.659849 4.000000 ]
[ 3.000000 2.009327 1.185143 0.612719 0.286133 0.132418 0.074800 0.057676 0.053871 0.053270 0.053210 0.053207 0.053207 0.053207 0.053207 0.053207 0.053207 0.053207 0.053207 0.053207 0.053207 0.053207 0.053207 0.053207 0.053207 0.053207 0.053207 0.053207 0.053207 0.053207 0.053207 0.053207 0.053207 0.053207 0.053207 0.053207 0.053207 0.053207 0.053207 0.053207 0.053207 0.053207 0.053207 0.053207 0.053207 0.053207 0.053207 0.053207 0.053207 0.053207 0.053207 0.053207 0.053207 0.053207 0.053207 0.053207 0.053207 0.053207 0.053207 0.053207 0.053207 0.053207 0.053207 0.053207 0.053207 0.053207 0.053207 0.053207 0.053207 0.053207 0.053207 0.053207 0.053207 0.053207 0.053207 0.053207 0.053207 0.053207 0.053207 0.053207 0.053207 0.053207 0.053207 0.053207 0.053207 0.053207 0.053207 0.053207 0.053207 0.053211 0.053291 0.054092 0.059166 0.081997 0.158901 0.364113 0.800762 1.566696 2.671242 4.000000 ]
[ 3.000000 2.042366 1.245493 0.697559 0.381355 0.234249 0.177779 0.161177 0.157372 0.156771 0.156711 0.156708 0.156708 0.156708 0.156708 0.156708 0.156708 0.156708 0.156708 0.156708 0.156708 0.156708 0.156708 0.156708 0.156708 0.156708 0.156708 0.156708 0.156708 0.156708 0.156708 0.156708 0.156708 0.156708 0.156708 0.156708 0.156708 0.156708 0.156708 0.156708 0.156708 0.156708 0.156708 0.156708 0.156708 0.156708 0.156708 0.156708 0.156708 0.156708 0.156708 0.156708 0.156708 0.156708 0.156708 0.156708 0.156708 0.156708 0.156708 0.156708 0.156708 0.156708 0.156708 0.156708 0.156708 0.156708 0.156708 0.156708 0.156708 0.156708 0.156708 0.156708 0.156708 0.156708 0.156708 0.156708 0.156708 0.156708 0.156708 0.156708 0.156708 0.156708 0.156708 0.156708 0.156708 0.156708 0.156708 0.156708 0.156708 0.156712 0.156792 0.157593 0.162666 0.184856 0.260345 0.457626 0.882324 1.621307 2.699554 4.000000 ]
[ 3.000000 2.101395 1.370358 0.867586 0.584427 0.448969 0.398374 0.382654 0.379158 0.378557 0.378497 0.378494 0.378494 0.378494 0.378494 0.378494 0.378494 0.378494 0.378494 0.378494 0.378494 0.378494 0.378494 0.378494 0.378494 0.378494 0.378494 0.378494 0.378494 0.378494 0.378494 0.378494 0.378494 0.378494 0.378494 0.378494 0.378494 0.378494 0.378494 0.378494 0.378494 0.378494 0.378494 0.378494 0.378494 0.378494 0.378494 0.378494 0.378494 0.378494 0.378494 0.378494 0.378494 0.378494 0.378494 0.378494 0.378494 0.378494 0.378494 0.378494 0.378494 0.378494 0.378494 0.378494 0.378494 0.378494 0.378494 0.378494 0.378494 0.378494 0.378494 0.378494 0.378494 0.378494 0.378494 0.378494 0.378494 0.378494 0.378494 0.378494 0.378494 0.378494 0.378494 0.378494 0.378494 0.378494 0.378494 0.378494 0.378494 0.378498 0.378578 0.379379 0.384064 0.405117 0.473263 0.656059 1.041103 1.729416 2.742081 4.000000 ]
[ 3.000000 2.184326 1.561527 1.157890 0.928703 0.823830 0.782361 0.770193 0.767164 0.766684 0.766623 0.766621 0.766621 0.766621 0.766621 0.766621 0.766621 0.766621 0.766621 0.766621 0.766621 0.766621 0.766621 0.766621 0.766621 0.766621 0.766621 0.766621 0.766621 0.766621 0.766621 0.766621 0.766621 0.766621 0.766621 0.766621 0.766621 0.766621 0.766621 0.766621 0.766621 0.766621 0.766621 0.766621 0.766621 0.766621 0.766621 0.766621 0.766621 0.766621 0.766621 0.766621 0.766621 0.766621 0.766621 0.766621 0.766621 0.766621 0.766621 0.766621 0.766621 0.766621 0.766621 0.766621 0.766621 0.766621 0.766621 0.766621 0.766621 0.766621 0.766621 0.766621 0.766621 0.766621 0.766621 0.766621 0.766621 0.766621 0.766621 0.766621 0.766621 0.766621 0.766621 0.766621 0.766621 0.766621 0.766621 0.766621 0.766621 0.766624 0.766705 0.767351 0.771416 0.787884 0.844070 0.987728 1.304482 1.873833 2.775764 4.000000 ]
[ 3.000000 2.222424 1.797894 1.550377 1.420578 1.359203 1.336576 1.329238 1.327602 1.327283 1.327250 1.327248 1.327248 1.327248 1.327248 1.327248 1.327248 1.327248 1.327248 1.327248 1.327248 1.327248 1.327248 1.327248 1.327248 1.327248 1.327248 1.327248 1.327248 1.327248 1.327248 1.327248 1.327248 1.327248 1.327248 1.327248 1.327248 1.327248 1.327248 1.327248 1.327248 1.327248 1.327248 1.327248 1.327248 1.327248 1.327248 1.327248 1.327248 1.327248 1.327248 1.327248 1.327248 1.327248 1.327248 1.327248 1.327248 1.327248 1.327248 1.327248 1.327248 1.327248 1.327248 1.327248 1.327248 1.327248 1.327248 1.327248 1.327248 1.327248 1.327248 1.327248 1.327248 1.327248 1.327248 1.327248 1.327248 1.327248 1.327248 1.327248 1.327248 1.327248 1.327248 1.327248 1.327248 1.327248 1.327248 1.327248 1.327248 1.327251 1.327295 1.327724 1.329947 1.339901 1.370995 1.455978 1.640045 2.002899 2.666908 4.000000 ]
[ 3.000000 2.000000 2.000000 2.000000 2.000000 2.000000 2.000000 2.000000 2.000000 2.000000 2.000000 2.000000 2.000000 2.000000 2.000000 2.000000 2.000000 2.000000 2.000000 2.000000 2.000000 2.000000 2.000000 2.000000 2.000000 2.000000 2.000000 2.000000 2.000000 2.000000 2.000000 2.000000 2.000000 2.000000 2.000000 2.000000 2.000000 2.000000 2.000000 2.000000 2.000000 2.000000 2.000000 2.000000 2.000000 2.000000 2.000000 2.000000 2.000000 2.000000 2.000000 2.000000 2.000000 2.000000 2.000000 2.000000 2.000000 2.000000 2.000000 2.000000 2.000000 2.000000 2.000000 2.000000 2.000000 2.000000 2.000000 2.000000 2.000000 2.000000 2.000000 2.000000 2.000000 2.000000 2.000000 2.000000 2.000000 2.000000 2.000000 2.000000 2.000000 2.000000 2.000000 2.000000 2.000000 2.000000 2.000000 2.000000 2.000000 2.000000 2.000000 2.000000 2.000000 2.000000 2.000000 2.000000 2.000000 2.000000 2.000000 4.000000 ]
