FINAL 
[ 3.000000 1.000000 1.000000 1.000000 1.000000 1.000000 1.000000 1.000000 1.000000 4.000000 ]
[ 3.000000 2.026495 1.663534 1.522327 1.486225 1.524240 1.646082 1.910369 2.499076 4.000000 ]
[ 3.000000 2.442668 2.105733 1.940112 1.898974 1.965295 2.150283 2.496737 3.086159 4.000000 ]
[ 3.000000 2.638864 2.377404 2.234476 2.205469 2.288889 2.494077 2.840925 3.349240 4.000000 ]
[ 3.000000 2.735947 2.531604 2.416346 2.401162 2.492341 2.697640 3.024707 3.470440 4.000000 ]
[ 3.000000 2.773962 2.597926 2.499766 2.492341 2.583520 2.781061 3.091028 3.508456 4.000000 ]
[ 3.000000 2.762619 2.587575 2.494077 2.486764 2.570184 2.753679 3.051096 3.472995 4.000000 ]
[ 3.000000 2.689503 2.496737 2.403633 2.392077 2.458398 2.613804 2.887742 3.332994 4.000000 ]
[ 3.000000 2.499076 2.307024 2.232703 2.220718 2.258733 2.356458 2.553860 2.971658 4.000000 ]
[ 3.000000 2.000000 2.000000 2.000000 2.000000 2.000000 2.000000 2.000000 2.000000 4.000000 ]
