FINAL 
[ 3.000000 1.000000 1.000000 1.000000 1.000000 1.000000 1.000000 1.000000 1.000000 4.000000 ]
[ 3.000000 1.778643 1.209568 0.923109 0.809286 0.832895 1.009452 1.413857 2.223001 4.000000 ]
[ 3.000000 1.981270 1.256367 0.823225 0.635075 0.673859 0.964259 1.567402 2.572454 4.000000 ]
[ 3.000000 2.018286 1.239174 0.733828 0.509548 0.556807 0.900426 1.596409 2.658427 4.000000 ]
[ 3.000000 2.026302 1.227638 0.699133 0.459446 0.509367 0.875617 1.600206 2.681561 4.000000 ]
[ 3.000000 2.049911 1.266422 0.746391 0.509367 0.559288 0.922875 1.638990 2.705171 4.000000 ]
[ 3.000000 2.104629 1.380208 0.900426 0.686032 0.733291 1.067024 1.737443 2.744770 4.000000 ]
[ 3.000000 2.185558 1.567402 1.180460 1.007643 1.046427 1.321494 1.878437 2.776743 4.000000 ]
[ 3.000000 2.223001 1.800753 1.563251 1.464545 1.488154 1.649593 2.005041 2.667358 4.000000 ]
[ 3.000000 2.000000 2.000000 2.000000 2.000000 2.000000 2.000000 2.000000 2.000000 4.000000 ]
