FINAL 
[ 3.000000 1.000000 1.000000 1.000000 1.000000 1.000000 1.000000 1.000000 1.000000 1.000000 1.000000 1.000000 1.000000 1.000000 1.000000 1.000000 1.000000 1.000000 1.000000 1.000000 1.000000 1.000000 1.000000 1.000000 1.000000 1.000000 1.000000 1.000000 1.000000 1.000000 1.000000 1.000000 1.000000 1.000000 1.000000 1.000000 1.000000 1.000000 1.000000 1.000000 1.000000 1.000000 1.000000 1.000000 1.000000 1.000000 1.000000 1.000000 1.000000 1.000000 1.000000 1.000000 1.000000 1.000000 1.000000 1.000000 1.000000 1.000000 1.000000 1.000000 1.000000 1.000000 1.000000 1.000000 1.000000 1.000000 1.000000 1.000000 1.000000 1.000000 1.000000 1.000000 1.000000 1.000000 1.000000 1.000000 1.000000 1.000000 1.000000 1.000000 1.000000 1.000000 1.000000 1.000000 1.000000 1.000000 1.000000 1.000000 1.000000 1.000000 1.000000 1.000000 1.000000 1.000000 1.000000 1.000000 1.000000 1.000000 1.000000 4.000000 ]
[ 3.000000 1.974911 1.555130 1.345920 1.222534 1.140279 1.080958 1.036125 1.001410 0.974229 0.952934 0.936318 0.923482 0.913671 0.906286 0.900804 0.896807 0.893939 0.891921 0.890524 0.889577 0.888946 0.888535 0.888271 0.888106 0.888005 0.887944 0.887907 0.887887 0.887875 0.887868 0.887865 0.887863 0.887862 0.887861 0.887861 0.887861 0.887861 0.887861 0.887861 0.887861 0.887861 0.887861 0.887861 0.887861 0.887861 0.887861 0.887861 0.887861 0.887861 0.887861 0.887861 0.887861 0.887861 0.887861 0.887861 0.887861 0.887861 0.887861 0.887861 0.887861 0.887861 0.887861 0.887861 0.887861 0.887862 0.887862 0.887864 0.887866 0.887871 0.887880 0.887895 0.887923 0.887972 0.888054 0.888190 0.888412 0.888766 0.889319 0.890168 0.891443 0.893326 0.896051 0.899928 0.905339 0.912775 0.922815 0.936187 0.953739 0.976545 1.005906 1.043594 1.092057 1.155159 1.239476 1.357707 1.537215 1.845117 2.468638 4.000000 ]
[ 3.000000 2.345496 1.901591 1.608782 1.407388 1.261680 1.151849 1.066842 1.000053 0.947346 0.905795 0.873285 0.848080 0.828806 0.814259 0.803466 0.795579 0.789925 0.785937 0.783182 0.781310 0.780066 0.779252 0.778732 0.778405 0.778205 0.778084 0.778013 0.777971 0.777948 0.777935 0.777928 0.777925 0.777923 0.777922 0.777921 0.777921 0.777921 0.777921 0.777921 0.777921 0.777921 0.777921 0.777921 0.777921 0.777921 0.777921 0.777921 0.777921 0.777921 0.777921 0.777921 0.777921 0.777921 0.777921 0.777921 0.777921 0.777921 0.777921 0.777921 0.777921 0.777921 0.777921 0.777921 0.777921 0.777922 0.777923 0.777926 0.777931 0.777940 0.777957 0.777989 0.778044 0.778140 0.778302 0.778571 0.779009 0.779708 0.780802 0.782476 0.784997 0.788711 0.794092 0.801732 0.812405 0.827037 0.846801 0.873054 0.907486 0.952058 1.009272 1.082229 1.175259 1.294563 1.450065 1.658430 1.949483 2.376989 3.030666 4.000000 ]
[ 3.000000 2.507404 2.100741 1.785628 1.543422 1.355117 1.206707 1.088529 0.994073 0.918621 0.858731 0.811582 0.774931 0.746794 0.725545 0.709732 0.698183 0.689882 0.684034 0.679983 0.677235 0.675404 0.674209 0.673443 0.672963 0.672668 0.672490 0.672385 0.672325 0.672290 0.672271 0.672261 0.672256 0.672253 0.672251 0.672251 0.672250 0.672250 0.672250 0.672250 0.672250 0.672250 0.672250 0.672250 0.672250 0.672250 0.672250 0.672250 0.672250 0.672250 0.672250 0.672250 0.672250 0.672250 0.672250 0.672250 0.672250 0.672250 0.672250 0.672250 0.672250 0.672250 0.672250 0.672250 0.672251 0.672252 0.672254 0.672257 0.672265 0.672279 0.672304 0.672350 0.672431 0.672572 0.672810 0.673207 0.673851 0.674879 0.676485 0.678948 0.682646 0.688104 0.695991 0.707201 0.722819 0.744238 0.773080 0.811358 0.861358 0.925890 1.008186 1.112351 1.243485 1.408632 1.617610 1.885013 2.232035 2.687421 3.279440 4.000000 ]
[ 3.000000 2.586216 2.213829 1.897544 1.635513 1.420340 1.244068 1.100039 0.982784 0.888029 0.812110 0.752034 0.705079 0.668957 0.641574 0.621190 0.606256 0.595528 0.587950 0.582708 0.579142 0.576769 0.575218 0.574225 0.573602 0.573219 0.572988 0.572851 0.572773 0.572728 0.572703 0.572690 0.572683 0.572679 0.572677 0.572676 0.572676 0.572676 0.572676 0.572676 0.572676 0.572676 0.572676 0.572676 0.572676 0.572676 0.572676 0.572676 0.572676 0.572676 0.572676 0.572676 0.572676 0.572676 0.572676 0.572676 0.572676 0.572676 0.572676 0.572676 0.572676 0.572676 0.572676 0.572676 0.572677 0.572678 0.572680 0.572685 0.572695 0.572713 0.572746 0.572806 0.572911 0.573094 0.573403 0.573917 0.574754 0.576086 0.578170 0.581360 0.586156 0.593215 0.603427 0.617902 0.638078 0.665661 0.702779 0.751846 0.815787 0.897836 1.001877 1.132268 1.294387 1.494636 1.741256 2.044391 2.416196 2.868091 3.403231 4.000000 ]
[ 3.000000 2.627261 2.277959 1.965398 1.693693 1.461578 1.265719 1.102050 0.966733 0.856034 0.766661 0.695435 0.639564 0.596384 0.563605 0.539119 0.521178 0.508253 0.499130 0.492800 0.488502 0.485634 0.483761 0.482561 0.481808 0.481344 0.481065 0.480901 0.480805 0.480751 0.480722 0.480705 0.480697 0.480692 0.480690 0.480689 0.480688 0.480688 0.480688 0.480688 0.480688 0.480688 0.480688 0.480688 0.480688 0.480688 0.480688 0.480688 0.480688 0.480688 0.480688 0.480688 0.480688 0.480688 0.480688 0.480688 0.480688 0.480688 0.480688 0.480688 0.480688 0.480688 0.480688 0.480689 0.480689 0.480691 0.480694 0.480700 0.480711 0.480733 0.480773 0.480845 0.480973 0.481193 0.481567 0.482189 0.483198 0.484809 0.487323 0.491176 0.496954 0.505469 0.517754 0.535175 0.559387 0.592476 0.636843 0.695393 0.771317 0.868350 0.990464 1.142233 1.328493 1.554793 1.826972 2.151285 2.533033 2.974483 3.469949 4.000000 ]
[ 3.000000 2.649261 2.313836 2.004719 1.727657 1.484567 1.274792 1.096509 0.947056 0.823633 0.723147 0.642666 0.579191 0.530020 0.492546 0.464531 0.443941 0.429110 0.418613 0.411337 0.406383 0.403082 0.400922 0.399539 0.398670 0.398136 0.397814 0.397624 0.397514 0.397452 0.397417 0.397398 0.397389 0.397383 0.397381 0.397379 0.397379 0.397379 0.397378 0.397378 0.397378 0.397378 0.397378 0.397378 0.397378 0.397378 0.397378 0.397378 0.397378 0.397378 0.397378 0.397378 0.397378 0.397378 0.397378 0.397378 0.397378 0.397378 0.397378 0.397378 0.397378 0.397378 0.397379 0.397379 0.397380 0.397382 0.397385 0.397392 0.397405 0.397430 0.397476 0.397560 0.397707 0.397961 0.398393 0.399108 0.400274 0.402128 0.405026 0.409457 0.416112 0.425891 0.440012 0.459981 0.487732 0.525536 0.576171 0.642720 0.728780 0.838132 0.974993 1.143568 1.348340 1.593490 1.883065 2.220021 2.605651 3.037544 3.507614 4.000000 ]
[ 3.000000 2.660918 2.333185 2.025935 1.745337 1.494602 1.274881 1.085612 0.925361 0.791831 0.682482 0.594378 0.524676 0.470450 0.429067 0.398027 0.375208 0.358726 0.347065 0.338963 0.333452 0.329771 0.327365 0.325822 0.324854 0.324257 0.323898 0.323686 0.323563 0.323494 0.323455 0.323434 0.323423 0.323417 0.323415 0.323413 0.323412 0.323412 0.323412 0.323412 0.323412 0.323412 0.323412 0.323412 0.323412 0.323412 0.323412 0.323412 0.323412 0.323412 0.323412 0.323412 0.323412 0.323412 0.323412 0.323412 0.323412 0.323412 0.323412 0.323412 0.323412 0.323412 0.323412 0.323413 0.323414 0.323415 0.323419 0.323427 0.323442 0.323470 0.323521 0.323614 0.323778 0.324062 0.324543 0.325342 0.326639 0.328708 0.331933 0.336870 0.344267 0.355147 0.370817 0.392982 0.423698 0.465519 0.521343 0.594584 0.688874 0.808257 0.956722 1.138416 1.357015 1.615898 1.917321 2.262334 2.649595 3.074774 3.529247 4.000000 ]
[ 3.000000 2.666759 2.342749 2.035998 1.752487 1.496199 1.269073 1.071643 0.903058 0.761741 0.645315 0.551176 0.476372 0.418069 0.373426 0.339917 0.315214 0.297374 0.284721 0.275936 0.269946 0.265950 0.263333 0.261656 0.260602 0.259954 0.259562 0.259332 0.259198 0.259123 0.259081 0.259058 0.259046 0.259040 0.259037 0.259035 0.259034 0.259034 0.259034 0.259034 0.259034 0.259034 0.259034 0.259034 0.259034 0.259034 0.259034 0.259034 0.259034 0.259034 0.259034 0.259034 0.259034 0.259034 0.259034 0.259034 0.259034 0.259034 0.259034 0.259034 0.259034 0.259034 0.259034 0.259034 0.259035 0.259038 0.259042 0.259050 0.259066 0.259097 0.259153 0.259254 0.259432 0.259741 0.260264 0.261132 0.262544 0.264789 0.268296 0.273652 0.281683 0.293470 0.310454 0.334419 0.367625 0.412707 0.472823 0.551419 0.652380 0.779613 0.937206 1.128822 1.357840 1.626593 1.936432 2.286822 2.675239 3.096274 3.541617 4.000000 ]
[ 3.000000 2.669265 2.346632 2.039340 1.753299 1.492656 1.260024 1.056360 0.881505 0.734115 0.612248 0.513293 0.434496 0.372881 0.325653 0.290109 0.263900 0.244928 0.231478 0.222119 0.215743 0.211481 0.208693 0.206903 0.205779 0.205087 0.204670 0.204423 0.204281 0.204200 0.204156 0.204131 0.204119 0.204112 0.204109 0.204107 0.204106 0.204106 0.204105 0.204105 0.204105 0.204105 0.204105 0.204105 0.204105 0.204105 0.204105 0.204105 0.204105 0.204105 0.204105 0.204105 0.204105 0.204105 0.204105 0.204105 0.204105 0.204105 0.204105 0.204105 0.204105 0.204105 0.204106 0.204106 0.204107 0.204110 0.204114 0.204123 0.204140 0.204173 0.204232 0.204340 0.204530 0.204860 0.205418 0.206344 0.207848 0.210243 0.213976 0.219684 0.228226 0.240770 0.258807 0.284262 0.319448 0.367197 0.430692 0.513598 0.619725 0.753141 0.917643 1.116852 1.353515 1.629579 1.945397 2.299783 2.689264 3.108201 3.548461 4.000000 ]
[ 3.000000 2.669922 2.347278 2.038918 1.750522 1.486479 1.249562 1.041245 0.861558 0.709603 0.583484 0.480860 0.398893 0.334724 0.285415 0.248288 0.220853 0.200996 0.186891 0.177081 0.170387 0.165916 0.162985 0.161106 0.159925 0.159197 0.158759 0.158500 0.158350 0.158265 0.158218 0.158193 0.158179 0.158172 0.158169 0.158167 0.158166 0.158166 0.158165 0.158165 0.158165 0.158165 0.158165 0.158165 0.158165 0.158165 0.158165 0.158165 0.158165 0.158165 0.158165 0.158165 0.158165 0.158165 0.158165 0.158165 0.158165 0.158165 0.158165 0.158165 0.158165 0.158166 0.158166 0.158166 0.158167 0.158170 0.158175 0.158184 0.158202 0.158236 0.158299 0.158412 0.158612 0.158958 0.159545 0.160517 0.162097 0.164610 0.168531 0.174515 0.183477 0.196613 0.215509 0.242124 0.278910 0.328720 0.394911 0.481109 0.591291 0.729355 0.899173 1.103978 1.346402 1.627754 1.948076 2.305454 2.696171 3.114283 3.552027 4.000000 ]
[ 3.000000 2.669587 2.346252 2.036531 1.746081 1.479242 1.239085 1.027168 0.843896 0.688419 0.559133 0.453651 0.369301 0.303119 0.252233 0.213846 0.185477 0.164908 0.150302 0.140128 0.133189 0.128547 0.125508 0.123556 0.122330 0.121575 0.121119 0.120850 0.120695 0.120607 0.120558 0.120531 0.120517 0.120510 0.120506 0.120505 0.120504 0.120503 0.120503 0.120503 0.120503 0.120503 0.120503 0.120503 0.120503 0.120503 0.120503 0.120503 0.120503 0.120503 0.120503 0.120503 0.120503 0.120503 0.120503 0.120503 0.120503 0.120503 0.120503 0.120503 0.120503 0.120503 0.120503 0.120504 0.120505 0.120508 0.120512 0.120522 0.120541 0.120576 0.120641 0.120759 0.120967 0.121326 0.121935 0.122944 0.124583 0.127192 0.131256 0.137464 0.146746 0.160360 0.179910 0.207450 0.245448 0.296885 0.365102 0.453868 0.567063 0.708700 0.882415 1.091460 1.338059 1.623409 1.947029 2.306858 2.698782 3.116936 3.553642 4.000000 ]
[ 3.000000 2.668801 2.344452 2.033375 1.741092 1.472061 1.229344 1.014761 0.828734 0.670676 0.538955 0.431373 0.345179 0.277509 0.225393 0.186070 0.156965 0.135866 0.120863 0.110416 0.103282 0.098513 0.095386 0.093380 0.092118 0.091341 0.090872 0.090596 0.090436 0.090345 0.090295 0.090268 0.090253 0.090246 0.090242 0.090240 0.090239 0.090239 0.090238 0.090238 0.090238 0.090238 0.090238 0.090238 0.090238 0.090238 0.090238 0.090238 0.090238 0.090238 0.090238 0.090238 0.090238 0.090238 0.090238 0.090238 0.090238 0.090238 0.090238 0.090238 0.090238 0.090239 0.090239 0.090239 0.090241 0.090243 0.090248 0.090258 0.090277 0.090314 0.090381 0.090502 0.090715 0.091085 0.091711 0.092749 0.094435 0.097115 0.101293 0.107668 0.117204 0.131173 0.151238 0.179464 0.218410 0.271047 0.340829 0.431474 0.546975 0.691202 0.867867 1.079963 1.329712 1.617949 1.944139 2.305866 2.699025 3.117611 3.554167 4.000000 ]
[ 3.000000 2.667858 2.342457 2.030090 1.736300 1.465482 1.220850 1.004206 0.816178 0.656152 0.522675 0.413490 0.325965 0.257153 0.204145 0.164098 0.134459 0.112947 0.097654 0.086994 0.079718 0.074849 0.071659 0.069609 0.068321 0.067528 0.067049 0.066767 0.066603 0.066511 0.066459 0.066432 0.066417 0.066409 0.066405 0.066403 0.066402 0.066402 0.066402 0.066402 0.066402 0.066402 0.066402 0.066402 0.066402 0.066402 0.066402 0.066402 0.066402 0.066402 0.066402 0.066402 0.066402 0.066402 0.066402 0.066402 0.066402 0.066402 0.066402 0.066402 0.066402 0.066402 0.066402 0.066403 0.066404 0.066407 0.066412 0.066422 0.066442 0.066479 0.066547 0.066671 0.066889 0.067266 0.067905 0.068965 0.070685 0.073421 0.077683 0.084187 0.093909 0.108153 0.128591 0.157348 0.196977 0.250533 0.321441 0.413513 0.530659 0.676838 0.855599 1.069986 1.321977 1.612416 1.940490 2.303794 2.698025 3.117277 3.554096 4.000000 ]
[ 3.000000 2.666942 2.340544 2.027084 1.732028 1.459850 1.213720 0.995582 0.806032 0.644606 0.509803 0.399483 0.310950 0.241329 0.187643 0.147083 0.117036 0.095231 0.079716 0.068905 0.061519 0.056578 0.053338 0.051259 0.049951 0.049145 0.048659 0.048372 0.048206 0.048112 0.048060 0.048032 0.048017 0.048009 0.048005 0.048003 0.048002 0.048002 0.048002 0.048002 0.048001 0.048001 0.048001 0.048001 0.048001 0.048001 0.048001 0.048001 0.048001 0.048001 0.048001 0.048001 0.048001 0.048001 0.048001 0.048001 0.048001 0.048001 0.048001 0.048002 0.048002 0.048002 0.048002 0.048003 0.048004 0.048006 0.048012 0.048022 0.048042 0.048080 0.048149 0.048274 0.048496 0.048879 0.049528 0.050603 0.052349 0.055126 0.059451 0.066048 0.075911 0.090350 0.111074 0.140204 0.180351 0.234554 0.306310 0.399382 0.517760 0.665303 0.845627 1.061616 1.315292 1.607296 1.936843 2.301342 2.696547 3.116467 3.553759 4.000000 ]
[ 3.000000 2.666126 2.338885 2.024498 1.728465 1.455209 1.207991 0.988716 0.798092 0.635616 0.499889 0.388720 0.299488 0.229262 0.175106 0.134160 0.103829 0.081803 0.066134 0.055208 0.047746 0.042751 0.039477 0.037374 0.036052 0.035237 0.034746 0.034456 0.034288 0.034193 0.034141 0.034112 0.034097 0.034089 0.034085 0.034083 0.034082 0.034082 0.034081 0.034081 0.034081 0.034081 0.034081 0.034081 0.034081 0.034081 0.034081 0.034081 0.034081 0.034081 0.034081 0.034081 0.034081 0.034081 0.034081 0.034081 0.034081 0.034081 0.034081 0.034081 0.034081 0.034082 0.034082 0.034082 0.034084 0.034086 0.034092 0.034102 0.034122 0.034160 0.034231 0.034357 0.034581 0.034968 0.035624 0.036711 0.038476 0.041282 0.045651 0.052318 0.062279 0.076865 0.097785 0.127196 0.167700 0.222385 0.294723 0.388537 0.507759 0.656311 0.837708 1.054887 1.309731 1.602921 1.933523 2.298991 2.694968 3.115533 3.553323 4.000000 ]
[ 3.000000 2.665453 2.337513 2.022407 1.725597 1.451555 1.203506 0.983432 0.792007 0.628808 0.492397 0.380650 0.290901 0.220264 0.165760 0.124553 0.094012 0.071835 0.056052 0.045048 0.037529 0.032498 0.029198 0.027080 0.025747 0.024926 0.024431 0.024139 0.023970 0.023874 0.023821 0.023792 0.023777 0.023769 0.023765 0.023763 0.023762 0.023762 0.023761 0.023761 0.023761 0.023761 0.023761 0.023761 0.023761 0.023761 0.023761 0.023761 0.023761 0.023761 0.023761 0.023761 0.023761 0.023761 0.023761 0.023761 0.023761 0.023761 0.023761 0.023761 0.023761 0.023761 0.023762 0.023762 0.023764 0.023766 0.023772 0.023782 0.023802 0.023841 0.023912 0.024039 0.024265 0.024655 0.025315 0.026411 0.028189 0.031015 0.035418 0.042132 0.052165 0.066850 0.087915 0.117514 0.158281 0.213291 0.286056 0.380368 0.500209 0.649439 0.831623 1.049608 1.305318 1.599327 1.930741 2.296914 2.693537 3.114634 3.552897 4.000000 ]
[ 3.000000 2.664919 2.336441 2.020769 1.723391 1.448750 1.200119 0.979451 0.787480 0.623750 0.486880 0.374711 0.284618 0.213681 0.158946 0.117548 0.086867 0.064581 0.048722 0.037661 0.030105 0.025046 0.021730 0.019600 0.018260 0.017435 0.016937 0.016643 0.016473 0.016377 0.016324 0.016295 0.016279 0.016272 0.016267 0.016265 0.016264 0.016264 0.016264 0.016264 0.016264 0.016264 0.016264 0.016264 0.016264 0.016264 0.016264 0.016264 0.016264 0.016264 0.016264 0.016264 0.016264 0.016264 0.016264 0.016264 0.016264 0.016264 0.016264 0.016264 0.016264 0.016264 0.016264 0.016265 0.016266 0.016269 0.016274 0.016285 0.016305 0.016344 0.016415 0.016543 0.016770 0.017162 0.017826 0.018927 0.020714 0.023555 0.027979 0.034728 0.044809 0.059566 0.080727 0.110463 0.151403 0.206647 0.279693 0.374367 0.494614 0.644336 0.827040 1.045613 1.301904 1.596524 1.928500 2.295222 2.692322 3.113865 3.552521 4.000000 ]
[ 3.000000 2.664515 2.335624 2.019541 1.721734 1.446675 1.197613 0.976544 0.784175 0.620093 0.482892 0.370446 0.280105 0.208973 0.154072 0.112550 0.081769 0.059412 0.043498 0.032400 0.024817 0.019741 0.016412 0.014275 0.012930 0.012102 0.011602 0.011307 0.011137 0.011040 0.010987 0.010958 0.010942 0.010934 0.010930 0.010928 0.010927 0.010927 0.010927 0.010927 0.010926 0.010926 0.010926 0.010926 0.010926 0.010926 0.010926 0.010926 0.010926 0.010926 0.010926 0.010926 0.010926 0.010926 0.010926 0.010926 0.010926 0.010926 0.010926 0.010926 0.010927 0.010927 0.010927 0.010928 0.010929 0.010932 0.010937 0.010948 0.010968 0.011007 0.011078 0.011207 0.011434 0.011828 0.012494 0.013599 0.015392 0.018243 0.022683 0.029453 0.039569 0.054372 0.075601 0.105426 0.146489 0.201885 0.275131 0.370037 0.490576 0.640615 0.823694 1.042650 1.299365 1.594391 1.926787 2.293890 2.691365 3.113241 3.552218 4.000000 ]
[ 3.000000 2.664216 2.335028 2.018641 1.720536 1.445170 1.195819 0.974460 0.781830 0.617497 0.480082 0.367439 0.276940 0.205669 0.150663 0.109052 0.078208 0.055800 0.039852 0.028728 0.021127 0.016039 0.012703 0.010560 0.009212 0.008382 0.007881 0.007586 0.007415 0.007318 0.007264 0.007235 0.007220 0.007212 0.007208 0.007206 0.007205 0.007204 0.007204 0.007204 0.007204 0.007204 0.007204 0.007204 0.007204 0.007204 0.007204 0.007204 0.007204 0.007204 0.007204 0.007204 0.007204 0.007204 0.007204 0.007204 0.007204 0.007204 0.007204 0.007204 0.007204 0.007204 0.007204 0.007205 0.007206 0.007209 0.007214 0.007225 0.007246 0.007284 0.007356 0.007485 0.007713 0.008107 0.008775 0.009882 0.011680 0.014538 0.018987 0.025773 0.035910 0.050746 0.072018 0.101905 0.143046 0.198548 0.271920 0.366991 0.487713 0.637977 0.821294 1.040524 1.297512 1.592834 1.925508 2.292898 2.690633 3.112766 3.551982 4.000000 ]
[ 3.000000 2.664004 2.334601 2.018004 1.719684 1.444115 1.194557 0.973010 0.780195 0.615703 0.478136 0.365370 0.274760 0.203403 0.148323 0.106658 0.075769 0.053330 0.037357 0.026217 0.018605 0.013509 0.010168 0.008022 0.006672 0.005840 0.005339 0.005042 0.004871 0.004774 0.004720 0.004691 0.004676 0.004668 0.004664 0.004662 0.004661 0.004660 0.004660 0.004660 0.004660 0.004660 0.004660 0.004660 0.004660 0.004660 0.004660 0.004660 0.004660 0.004660 0.004660 0.004660 0.004660 0.004660 0.004660 0.004660 0.004660 0.004660 0.004660 0.004660 0.004660 0.004660 0.004661 0.004661 0.004662 0.004665 0.004671 0.004681 0.004702 0.004741 0.004812 0.004941 0.005170 0.005565 0.006234 0.007343 0.009143 0.012005 0.016461 0.023256 0.033408 0.048264 0.069566 0.099491 0.140686 0.196254 0.269714 0.364885 0.485735 0.636139 0.819623 1.039025 1.296207 1.591718 1.924595 2.292173 2.690101 3.112414 3.551809 4.000000 ]
[ 3.000000 2.663856 2.334308 2.017562 1.719101 1.443387 1.193697 0.972018 0.779087 0.614483 0.476824 0.363972 0.273294 0.201877 0.146752 0.105050 0.074134 0.051674 0.035687 0.024535 0.016916 0.011815 0.008470 0.006322 0.004971 0.004138 0.003636 0.003340 0.003168 0.003071 0.003018 0.002989 0.002973 0.002965 0.002961 0.002959 0.002958 0.002958 0.002957 0.002957 0.002957 0.002957 0.002957 0.002957 0.002957 0.002957 0.002957 0.002957 0.002957 0.002957 0.002957 0.002957 0.002957 0.002957 0.002957 0.002957 0.002957 0.002957 0.002957 0.002957 0.002957 0.002957 0.002958 0.002958 0.002960 0.002962 0.002968 0.002978 0.002999 0.003038 0.003110 0.003239 0.003467 0.003863 0.004532 0.005642 0.007444 0.010309 0.014769 0.021571 0.031731 0.046601 0.067921 0.097872 0.139099 0.194712 0.268225 0.363466 0.484394 0.634894 0.818479 1.038001 1.295303 1.590948 1.923953 2.291667 2.689723 3.112165 3.551684 4.000000 ]
[ 3.000000 2.663757 2.334108 2.017266 1.718706 1.442901 1.193120 0.971359 0.778349 0.613677 0.475954 0.363051 0.272327 0.200874 0.145719 0.103994 0.073060 0.050587 0.034590 0.023432 0.015808 0.010704 0.007357 0.005208 0.003856 0.003023 0.002520 0.002223 0.002052 0.001955 0.001901 0.001872 0.001857 0.001848 0.001844 0.001842 0.001841 0.001841 0.001841 0.001841 0.001841 0.001841 0.001841 0.001841 0.001841 0.001841 0.001841 0.001841 0.001841 0.001841 0.001841 0.001841 0.001841 0.001841 0.001841 0.001841 0.001841 0.001841 0.001841 0.001841 0.001841 0.001841 0.001841 0.001842 0.001843 0.001846 0.001851 0.001862 0.001882 0.001921 0.001993 0.002122 0.002351 0.002747 0.003417 0.004527 0.006330 0.009197 0.013659 0.020465 0.030632 0.045509 0.066841 0.096807 0.138057 0.193696 0.267245 0.362526 0.483507 0.634064 0.817719 1.037313 1.294698 1.590424 1.923519 2.291319 2.689464 3.111992 3.551599 4.000000 ]
[ 3.000000 2.663691 2.333977 2.017070 1.718449 1.442582 1.192744 0.970928 0.777870 0.613153 0.475392 0.362454 0.271703 0.200227 0.145053 0.103314 0.072369 0.049888 0.033885 0.022723 0.015096 0.009990 0.006642 0.004492 0.003139 0.002306 0.001803 0.001506 0.001335 0.001238 0.001184 0.001155 0.001139 0.001131 0.001127 0.001125 0.001124 0.001124 0.001124 0.001123 0.001123 0.001123 0.001123 0.001123 0.001123 0.001123 0.001123 0.001123 0.001123 0.001123 0.001123 0.001123 0.001123 0.001123 0.001123 0.001123 0.001123 0.001123 0.001123 0.001123 0.001123 0.001124 0.001124 0.001125 0.001126 0.001129 0.001134 0.001145 0.001165 0.001204 0.001276 0.001405 0.001634 0.002030 0.002700 0.003811 0.005615 0.008482 0.012946 0.019754 0.029924 0.044808 0.066146 0.096123 0.137384 0.193041 0.266610 0.361919 0.482930 0.633526 0.817222 1.036864 1.294298 1.590081 1.923229 2.291089 2.689291 3.111877 3.551541 4.000000 ]
[ 3.000000 2.663649 2.333893 2.016944 1.718283 1.442378 1.192503 0.970654 0.777565 0.612821 0.475035 0.362078 0.271308 0.199818 0.144633 0.102885 0.071934 0.049448 0.033441 0.022277 0.014648 0.009541 0.006192 0.004041 0.002688 0.001855 0.001352 0.001055 0.000884 0.000787 0.000733 0.000704 0.000688 0.000680 0.000676 0.000674 0.000673 0.000673 0.000672 0.000672 0.000672 0.000672 0.000672 0.000672 0.000672 0.000672 0.000672 0.000672 0.000672 0.000672 0.000672 0.000672 0.000672 0.000672 0.000672 0.000672 0.000672 0.000672 0.000672 0.000672 0.000672 0.000672 0.000673 0.000673 0.000675 0.000677 0.000683 0.000694 0.000714 0.000753 0.000825 0.000954 0.001183 0.001579 0.002249 0.003360 0.005165 0.008032 0.012498 0.019307 0.029479 0.044366 0.065709 0.095691 0.136961 0.192627 0.266210 0.361534 0.482565 0.633183 0.816906 1.036576 1.294043 1.589858 1.923044 2.290938 2.689178 3.111802 3.551504 4.000000 ]
[ 3.000000 2.663622 2.333840 2.016865 1.718179 1.442250 1.192353 0.970483 0.777375 0.612614 0.474814 0.361844 0.271064 0.199566 0.144374 0.102621 0.071666 0.049177 0.033168 0.022002 0.014372 0.009264 0.005915 0.003764 0.002411 0.001577 0.001074 0.000778 0.000606 0.000509 0.000455 0.000426 0.000410 0.000402 0.000398 0.000396 0.000395 0.000395 0.000395 0.000394 0.000394 0.000394 0.000394 0.000394 0.000394 0.000394 0.000394 0.000394 0.000394 0.000394 0.000394 0.000394 0.000394 0.000394 0.000394 0.000394 0.000394 0.000394 0.000394 0.000394 0.000394 0.000395 0.000395 0.000395 0.000397 0.000399 0.000405 0.000416 0.000436 0.000475 0.000547 0.000676 0.000905 0.001301 0.001972 0.003083 0.004887 0.007755 0.012221 0.019032 0.029205 0.044093 0.065439 0.095424 0.136699 0.192371 0.265962 0.361296 0.482338 0.632970 0.816708 1.036397 1.293882 1.589719 1.922926 2.290844 2.689107 3.111754 3.551480 4.000000 ]
[ 3.000000 2.663606 2.333807 2.016817 1.718115 1.442172 1.192262 0.970379 0.777260 0.612488 0.474680 0.361702 0.270916 0.199413 0.144217 0.102461 0.071503 0.049013 0.033003 0.021836 0.014206 0.009097 0.005748 0.003597 0.002243 0.001410 0.000907 0.000610 0.000438 0.000341 0.000287 0.000258 0.000243 0.000235 0.000231 0.000229 0.000228 0.000227 0.000227 0.000227 0.000227 0.000227 0.000227 0.000227 0.000227 0.000227 0.000227 0.000227 0.000227 0.000227 0.000227 0.000227 0.000227 0.000227 0.000227 0.000227 0.000227 0.000227 0.000227 0.000227 0.000227 0.000227 0.000227 0.000228 0.000229 0.000232 0.000237 0.000248 0.000269 0.000307 0.000379 0.000509 0.000738 0.001134 0.001804 0.002916 0.004720 0.007588 0.012054 0.018865 0.029040 0.043929 0.065276 0.095263 0.136540 0.192217 0.265812 0.361151 0.482200 0.632840 0.816588 1.036287 1.293784 1.589633 1.922854 2.290785 2.689063 3.111725 3.551465 4.000000 ]
[ 3.000000 2.663596 2.333788 2.016788 1.718077 1.442125 1.192207 0.970317 0.777191 0.612414 0.474600 0.361618 0.270829 0.199322 0.144125 0.102366 0.071408 0.048916 0.032905 0.021738 0.014107 0.008999 0.005649 0.003498 0.002144 0.001311 0.000808 0.000511 0.000339 0.000242 0.000188 0.000159 0.000144 0.000136 0.000132 0.000130 0.000129 0.000128 0.000128 0.000128 0.000128 0.000128 0.000128 0.000128 0.000128 0.000128 0.000128 0.000128 0.000128 0.000128 0.000128 0.000128 0.000128 0.000128 0.000128 0.000128 0.000128 0.000128 0.000128 0.000128 0.000128 0.000128 0.000128 0.000129 0.000130 0.000133 0.000138 0.000149 0.000170 0.000209 0.000280 0.000410 0.000639 0.001035 0.001705 0.002817 0.004621 0.007490 0.011956 0.018767 0.028942 0.043831 0.065179 0.095168 0.136447 0.192125 0.265723 0.361065 0.482118 0.632763 0.816516 1.036221 1.293725 1.589582 1.922810 2.290750 2.689036 3.111707 3.551456 4.000000 ]
[ 3.000000 2.663590 2.333776 2.016771 1.718055 1.442098 1.192175 0.970281 0.777151 0.612370 0.474554 0.361569 0.270778 0.199270 0.144071 0.102312 0.071352 0.048860 0.032849 0.021681 0.014050 0.008942 0.005592 0.003441 0.002087 0.001254 0.000751 0.000454 0.000282 0.000185 0.000131 0.000102 0.000086 0.000078 0.000074 0.000072 0.000071 0.000071 0.000071 0.000071 0.000071 0.000071 0.000071 0.000071 0.000071 0.000071 0.000071 0.000071 0.000071 0.000071 0.000071 0.000071 0.000071 0.000071 0.000071 0.000071 0.000071 0.000071 0.000071 0.000071 0.000071 0.000071 0.000071 0.000072 0.000073 0.000076 0.000081 0.000092 0.000112 0.000151 0.000223 0.000353 0.000581 0.000977 0.001648 0.002759 0.004564 0.007433 0.011899 0.018710 0.028885 0.043775 0.065124 0.095113 0.136392 0.192072 0.265671 0.361015 0.482071 0.632718 0.816474 1.036183 1.293691 1.589551 1.922784 2.290729 2.689020 3.111696 3.551451 4.000000 ]
[ 3.000000 2.663587 2.333770 2.016762 1.718042 1.442082 1.192157 0.970260 0.777128 0.612345 0.474527 0.361541 0.270749 0.199240 0.144040 0.102281 0.071321 0.048828 0.032817 0.021649 0.014018 0.008910 0.005560 0.003408 0.002055 0.001221 0.000718 0.000421 0.000250 0.000153 0.000099 0.000070 0.000054 0.000046 0.000042 0.000040 0.000039 0.000039 0.000038 0.000038 0.000038 0.000038 0.000038 0.000038 0.000038 0.000038 0.000038 0.000038 0.000038 0.000038 0.000038 0.000038 0.000038 0.000038 0.000038 0.000038 0.000038 0.000038 0.000038 0.000038 0.000038 0.000038 0.000039 0.000039 0.000041 0.000043 0.000049 0.000059 0.000080 0.000119 0.000191 0.000320 0.000549 0.000945 0.001616 0.002727 0.004532 0.007400 0.011867 0.018678 0.028853 0.043743 0.065092 0.095082 0.136362 0.192042 0.265642 0.360987 0.482044 0.632692 0.816450 1.036161 1.293671 1.589534 1.922770 2.290717 2.689011 3.111690 3.551448 4.000000 ]
[ 3.000000 2.663585 2.333766 2.016756 1.718035 1.442074 1.192147 0.970249 0.777115 0.612332 0.474513 0.361526 0.270733 0.199224 0.144024 0.102263 0.071303 0.048811 0.032799 0.021632 0.014000 0.008892 0.005542 0.003390 0.002037 0.001203 0.000700 0.000403 0.000232 0.000135 0.000081 0.000052 0.000036 0.000028 0.000024 0.000022 0.000021 0.000021 0.000020 0.000020 0.000020 0.000020 0.000020 0.000020 0.000020 0.000020 0.000020 0.000020 0.000020 0.000020 0.000020 0.000020 0.000020 0.000020 0.000020 0.000020 0.000020 0.000020 0.000020 0.000020 0.000020 0.000020 0.000021 0.000021 0.000023 0.000025 0.000031 0.000041 0.000062 0.000101 0.000173 0.000302 0.000531 0.000927 0.001598 0.002709 0.004514 0.007382 0.011849 0.018660 0.028835 0.043726 0.065074 0.095064 0.136345 0.192025 0.265625 0.360971 0.482029 0.632678 0.816437 1.036148 1.293660 1.589524 1.922761 2.290710 2.689006 3.111687 3.551446 4.000000 ]
[ 3.000000 2.663584 2.333765 2.016753 1.718031 1.442069 1.192141 0.970242 0.777108 0.612324 0.474505 0.361518 0.270724 0.199215 0.144014 0.102254 0.071294 0.048801 0.032790 0.021622 0.013991 0.008882 0.005532 0.003381 0.002027 0.001194 0.000691 0.000394 0.000222 0.000125 0.000071 0.000042 0.000026 0.000018 0.000014 0.000012 0.000011 0.000011 0.000011 0.000011 0.000011 0.000010 0.000010 0.000010 0.000010 0.000010 0.000010 0.000010 0.000010 0.000010 0.000010 0.000010 0.000010 0.000010 0.000010 0.000010 0.000010 0.000010 0.000010 0.000011 0.000011 0.000011 0.000011 0.000012 0.000013 0.000016 0.000021 0.000032 0.000052 0.000091 0.000163 0.000293 0.000521 0.000917 0.001588 0.002699 0.004504 0.007373 0.011839 0.018651 0.028826 0.043716 0.065065 0.095055 0.136335 0.192016 0.265616 0.360963 0.482020 0.632670 0.816429 1.036141 1.293654 1.589519 1.922757 2.290707 2.689003 3.111685 3.551445 4.000000 ]
[ 3.000000 2.663584 2.333763 2.016752 1.718029 1.442066 1.192138 0.970239 0.777104 0.612320 0.474500 0.361513 0.270720 0.199210 0.144009 0.102249 0.071289 0.048796 0.032785 0.021617 0.013985 0.008877 0.005527 0.003375 0.002022 0.001188 0.000686 0.000389 0.000217 0.000120 0.000066 0.000037 0.000021 0.000013 0.000009 0.000007 0.000006 0.000006 0.000005 0.000005 0.000005 0.000005 0.000005 0.000005 0.000005 0.000005 0.000005 0.000005 0.000005 0.000005 0.000005 0.000005 0.000005 0.000005 0.000005 0.000005 0.000005 0.000005 0.000005 0.000005 0.000005 0.000006 0.000006 0.000006 0.000008 0.000010 0.000016 0.000027 0.000047 0.000086 0.000158 0.000287 0.000516 0.000912 0.001583 0.002694 0.004499 0.007368 0.011834 0.018645 0.028821 0.043711 0.065060 0.095050 0.136330 0.192011 0.265612 0.360958 0.482016 0.632666 0.816425 1.036138 1.293651 1.589516 1.922754 2.290705 2.689002 3.111684 3.551445 4.000000 ]
[ 3.000000 2.663583 2.333763 2.016751 1.718028 1.442065 1.192137 0.970237 0.777103 0.612318 0.474498 0.361511 0.270717 0.199208 0.144007 0.102246 0.071286 0.048794 0.032782 0.021614 0.013983 0.008874 0.005524 0.003373 0.002019 0.001186 0.000683 0.000386 0.000214 0.000117 0.000063 0.000034 0.000019 0.000011 0.000006 0.000004 0.000003 0.000003 0.000003 0.000003 0.000003 0.000003 0.000003 0.000003 0.000003 0.000003 0.000003 0.000003 0.000003 0.000003 0.000003 0.000003 0.000003 0.000003 0.000003 0.000003 0.000003 0.000003 0.000003 0.000003 0.000003 0.000003 0.000003 0.000004 0.000005 0.000008 0.000013 0.000024 0.000045 0.000083 0.000155 0.000285 0.000514 0.000910 0.001580 0.002692 0.004496 0.007365 0.011831 0.018643 0.028818 0.043708 0.065057 0.095047 0.136328 0.192008 0.265609 0.360956 0.482014 0.632663 0.816423 1.036136 1.293649 1.589515 1.922753 2.290704 2.689001 3.111683 3.551444 4.000000 ]
[ 3.000000 2.663583 2.333763 2.016750 1.718028 1.442065 1.192136 0.970236 0.777102 0.612317 0.474497 0.361510 0.270716 0.199206 0.144006 0.102245 0.071285 0.048792 0.032781 0.021613 0.013981 0.008873 0.005523 0.003371 0.002018 0.001184 0.000681 0.000385 0.000213 0.000116 0.000062 0.000033 0.000017 0.000009 0.000005 0.000003 0.000002 0.000002 0.000001 0.000001 0.000001 0.000001 0.000001 0.000001 0.000001 0.000001 0.000001 0.000001 0.000001 0.000001 0.000001 0.000001 0.000001 0.000001 0.000001 0.000001 0.000001 0.000001 0.000001 0.000001 0.000001 0.000002 0.000002 0.000002 0.000004 0.000006 0.000012 0.000023 0.000043 0.000082 0.000154 0.000283 0.000512 0.000908 0.001579 0.002690 0.004495 0.007364 0.011830 0.018641 0.028817 0.043707 0.065056 0.095046 0.136326 0.192007 0.265608 0.360954 0.482012 0.632662 0.816422 1.036135 1.293648 1.589514 1.922752 2.290703 2.689000 3.111683 3.551444 4.000000 ]
[ 3.000000 2.663583 2.333762 2.016750 1.718027 1.442064 1.192135 0.970236 0.777101 0.612316 0.474497 0.361509 0.270716 0.199206 0.144005 0.102245 0.071284 0.048792 0.032780 0.021612 0.013981 0.008872 0.005522 0.003371 0.002017 0.001184 0.000681 0.000384 0.000212 0.000115 0.000061 0.000032 0.000017 0.000009 0.000004 0.000002 0.000001 0.000001 0.000001 0.000001 0.000001 0.000001 0.000001 0.000001 0.000001 0.000001 0.000001 0.000001 0.000001 0.000001 0.000001 0.000001 0.000001 0.000001 0.000001 0.000001 0.000001 0.000001 0.000001 0.000001 0.000001 0.000001 0.000001 0.000002 0.000003 0.000006 0.000011 0.000022 0.000042 0.000081 0.000153 0.000283 0.000512 0.000908 0.001578 0.002690 0.004494 0.007363 0.011829 0.018641 0.028816 0.043706 0.065055 0.095045 0.136326 0.192006 0.265607 0.360954 0.482012 0.632662 0.816422 1.036134 1.293648 1.589513 1.922752 2.290703 2.689000 3.111683 3.551444 4.000000 ]
[ 3.000000 2.663583 2.333762 2.016750 1.718027 1.442064 1.192135 0.970236 0.777101 0.612316 0.474496 0.361509 0.270715 0.199205 0.144005 0.102244 0.071284 0.048791 0.032780 0.021612 0.013980 0.008872 0.005522 0.003370 0.002017 0.001183 0.000680 0.000384 0.000212 0.000115 0.000061 0.000032 0.000016 0.000008 0.000004 0.000002 0.000001 0.000001 0.000000 0.000000 0.000000 0.000000 0.000000 0.000000 0.000000 0.000000 0.000000 0.000000 0.000000 0.000000 0.000000 0.000000 0.000000 0.000000 0.000000 0.000000 0.000000 0.000000 0.000000 0.000000 0.000000 0.000001 0.000001 0.000001 0.000003 0.000005 0.000011 0.000022 0.000042 0.000081 0.000153 0.000282 0.000511 0.000907 0.001578 0.002689 0.004494 0.007363 0.011829 0.018640 0.028816 0.043706 0.065055 0.095045 0.136325 0.192006 0.265607 0.360954 0.482012 0.632662 0.816421 1.036134 1.293647 1.589513 1.922752 2.290703 2.689000 3.111683 3.551444 4.000000 ]
[ 3.000000 2.663583 2.333762 2.016750 1.718027 1.442064 1.192135 0.970236 0.777101 0.612316 0.474496 0.361509 0.270715 0.199205 0.144005 0.102244 0.071284 0.048791 0.032779 0.021612 0.013980 0.008872 0.005522 0.003370 0.002017 0.001183 0.000680 0.000383 0.000212 0.000115 0.000061 0.000032 0.000016 0.000008 0.000004 0.000002 0.000001 0.000001 0.000000 0.000000 0.000000 0.000000 0.000000 0.000000 0.000000 0.000000 0.000000 0.000000 0.000000 0.000000 0.000000 0.000000 0.000000 0.000000 0.000000 0.000000 0.000000 0.000000 0.000000 0.000000 0.000000 0.000000 0.000001 0.000001 0.000003 0.000005 0.000011 0.000021 0.000042 0.000081 0.000153 0.000282 0.000511 0.000907 0.001578 0.002689 0.004494 0.007362 0.011829 0.018640 0.028815 0.043706 0.065055 0.095045 0.136325 0.192006 0.265607 0.360953 0.482011 0.632661 0.816421 1.036134 1.293647 1.589513 1.922752 2.290703 2.689000 3.111683 3.551444 4.000000 ]
[ 3.000000 2.663583 2.333762 2.016750 1.718027 1.442064 1.192135 0.970236 0.777101 0.612316 0.474496 0.361509 0.270715 0.199205 0.144004 0.102244 0.071284 0.048791 0.032779 0.021612 0.013980 0.008872 0.005522 0.003370 0.002017 0.001183 0.000680 0.000383 0.000212 0.000114 0.000061 0.000031 0.000016 0.000008 0.000004 0.000002 0.000001 0.000000 0.000000 0.000000 0.000000 0.000000 0.000000 0.000000 0.000000 0.000000 0.000000 0.000000 0.000000 0.000000 0.000000 0.000000 0.000000 0.000000 0.000000 0.000000 0.000000 0.000000 0.000000 0.000000 0.000000 0.000000 0.000001 0.000001 0.000003 0.000005 0.000011 0.000021 0.000042 0.000081 0.000153 0.000282 0.000511 0.000907 0.001577 0.002689 0.004494 0.007362 0.011829 0.018640 0.028815 0.043706 0.065055 0.095045 0.136325 0.192006 0.265607 0.360953 0.482011 0.632661 0.816421 1.036134 1.293647 1.589513 1.922752 2.290703 2.689000 3.111683 3.551444 4.000000 ]
[ 3.000000 2.663583 2.333762 2.016750 1.718027 1.442064 1.192135 0.970235 0.777101 0.612316 0.474496 0.361509 0.270715 0.199205 0.144004 0.102244 0.071284 0.048791 0.032779 0.021612 0.013980 0.008872 0.005522 0.003370 0.002017 0.001183 0.000680 0.000383 0.000212 0.000114 0.000061 0.000031 0.000016 0.000008 0.000004 0.000002 0.000001 0.000000 0.000000 0.000000 0.000000 0.000000 0.000000 0.000000 0.000000 0.000000 0.000000 0.000000 0.000000 0.000000 0.000000 0.000000 0.000000 0.000000 0.000000 0.000000 0.000000 0.000000 0.000000 0.000000 0.000000 0.000000 0.000001 0.000001 0.000002 0.000005 0.000011 0.000021 0.000042 0.000081 0.000153 0.000282 0.000511 0.000907 0.001577 0.002689 0.004494 0.007362 0.011829 0.018640 0.028815 0.043706 0.065055 0.095045 0.136325 0.192006 0.265607 0.360953 0.482011 0.632661 0.816421 1.036134 1.293647 1.589513 1.922752 2.290703 2.689000 3.111683 3.551444 4.000000 ]
[ 3.000000 2.663583 2.333762 2.016750 1.718027 1.442064 1.192135 0.970235 0.777101 0.612316 0.474496 0.361509 0.270715 0.199205 0.144004 0.102244 0.071284 0.048791 0.032779 0.021612 0.013980 0.008872 0.005522 0.003370 0.002017 0.001183 0.000680 0.000383 0.000212 0.000114 0.000061 0.000031 0.000016 0.000008 0.000004 0.000002 0.000001 0.000000 0.000000 0.000000 0.000000 0.000000 0.000000 0.000000 0.000000 0.000000 0.000000 0.000000 0.000000 0.000000 0.000000 0.000000 0.000000 0.000000 0.000000 0.000000 0.000000 0.000000 0.000000 0.000000 0.000000 0.000000 0.000001 0.000001 0.000002 0.000005 0.000011 0.000021 0.000042 0.000081 0.000153 0.000282 0.000511 0.000907 0.001577 0.002689 0.004494 0.007362 0.011829 0.018640 0.028815 0.043706 0.065055 0.095045 0.136325 0.192006 0.265607 0.360953 0.482011 0.632661 0.816421 1.036134 1.293647 1.589513 1.922752 2.290703 2.689000 3.111683 3.551444 4.000000 ]
[ 3.000000 2.663583 2.333762 2.016750 1.718027 1.442064 1.192135 0.970235 0.777101 0.612316 0.474496 0.361509 0.270715 0.199205 0.144004 0.102244 0.071284 0.048791 0.032779 0.021611 0.013980 0.008872 0.005522 0.003370 0.002017 0.001183 0.000680 0.000383 0.000212 0.000114 0.000061 0.000031 0.000016 0.000008 0.000004 0.000002 0.000001 0.000000 0.000000 0.000000 0.000000 0.000000 0.000000 0.000000 0.000000 0.000000 0.000000 0.000000 0.000000 0.000000 0.000000 0.000000 0.000000 0.000000 0.000000 0.000000 0.000000 0.000000 0.000000 0.000000 0.000000 0.000000 0.000001 0.000001 0.000002 0.000005 0.000011 0.000021 0.000042 0.000081 0.000153 0.000282 0.000511 0.000907 0.001577 0.002689 0.004494 0.007362 0.011829 0.018640 0.028815 0.043706 0.065055 0.095045 0.136325 0.192006 0.265607 0.360953 0.482011 0.632661 0.816421 1.036134 1.293647 1.589513 1.922752 2.290703 2.689000 3.111683 3.551444 4.000000 ]
[ 3.000000 2.663583 2.333762 2.016750 1.718027 1.442064 1.192135 0.970235 0.777101 0.612316 0.474496 0.361509 0.270715 0.199205 0.144004 0.102244 0.071284 0.048791 0.032779 0.021611 0.013980 0.008872 0.005522 0.003370 0.002017 0.001183 0.000680 0.000383 0.000212 0.000114 0.000061 0.000031 0.000016 0.000008 0.000004 0.000002 0.000001 0.000000 0.000000 0.000000 0.000000 0.000000 0.000000 0.000000 0.000000 0.000000 0.000000 0.000000 0.000000 0.000000 0.000000 0.000000 0.000000 0.000000 0.000000 0.000000 0.000000 0.000000 0.000000 0.000000 0.000000 0.000000 0.000001 0.000001 0.000002 0.000005 0.000011 0.000021 0.000042 0.000081 0.000153 0.000282 0.000511 0.000907 0.001577 0.002689 0.004494 0.007362 0.011829 0.018640 0.028815 0.043706 0.065055 0.095045 0.136325 0.192006 0.265607 0.360953 0.482011 0.632661 0.816421 1.036134 1.293647 1.589513 1.922752 2.290703 2.689000 3.111683 3.551444 4.000000 ]
[ 3.000000 2.663583 2.333762 2.016750 1.718027 1.442064 1.192135 0.970235 0.777101 0.612316 0.474496 0.361509 0.270715 0.199205 0.144004 0.102244 0.071284 0.048791 0.032779 0.021611 0.013980 0.008872 0.005522 0.003370 0.002017 0.001183 0.000680 0.000383 0.000212 0.000114 0.000061 0.000031 0.000016 0.000008 0.000004 0.000002 0.000001 0.000000 0.000000 0.000000 0.000000 0.000000 0.000000 0.000000 0.000000 0.000000 0.000000 0.000000 0.000000 0.000000 0.000000 0.000000 0.000000 0.000000 0.000000 0.000000 0.000000 0.000000 0.000000 0.000000 0.000000 0.000000 0.000001 0.000001 0.000002 0.000005 0.000011 0.000021 0.000042 0.000081 0.000153 0.000282 0.000511 0.000907 0.001577 0.002689 0.004494 0.007362 0.011829 0.018640 0.028815 0.043706 0.065055 0.095045 0.136325 0.192006 0.265607 0.360953 0.482011 0.632661 0.816421 1.036134 1.293647 1.589513 1.922752 2.290703 2.689000 3.111683 3.551444 4.000000 ]
[ 3.000000 2.663583 2.333762 2.016750 1.718027 1.442064 1.192135 0.970235 0.777101 0.612316 0.474496 0.361509 0.270715 0.199205 0.144004 0.102244 0.071284 0.048791 0.032779 0.021611 0.013980 0.008872 0.005522 0.003370 0.002017 0.001183 0.000680 0.000383 0.000212 0.000114 0.000061 0.000031 0.000016 0.000008 0.000004 0.000002 0.000001 0.000000 0.000000 0.000000 0.000000 0.000000 0.000000 0.000000 0.000000 0.000000 0.000000 0.000000 0.000000 0.000000 0.000000 0.000000 0.000000 0.000000 0.000000 0.000000 0.000000 0.000000 0.000000 0.000000 0.000000 0.000000 0.000001 0.000001 0.000002 0.000005 0.000011 0.000021 0.000042 0.000081 0.000153 0.000282 0.000511 0.000907 0.001577 0.002689 0.004494 0.007362 0.011829 0.018640 0.028815 0.043706 0.065055 0.095045 0.136325 0.192006 0.265607 0.360953 0.482011 0.632661 0.816421 1.036134 1.293647 1.589513 1.922752 2.290703 2.689000 3.111683 3.551444 4.000000 ]
[ 3.000000 2.663583 2.333762 2.016750 1.718027 1.442064 1.192135 0.970235 0.777101 0.612316 0.474496 0.361509 0.270715 0.199205 0.144004 0.102244 0.071284 0.048791 0.032779 0.021611 0.013980 0.008872 0.005522 0.003370 0.002017 0.001183 0.000680 0.000383 0.000212 0.000114 0.000061 0.000031 0.000016 0.000008 0.000004 0.000002 0.000001 0.000000 0.000000 0.000000 0.000000 0.000000 0.000000 0.000000 0.000000 0.000000 0.000000 0.000000 0.000000 0.000000 0.000000 0.000000 0.000000 0.000000 0.000000 0.000000 0.000000 0.000000 0.000000 0.000000 0.000000 0.000000 0.000001 0.000001 0.000002 0.000005 0.000011 0.000021 0.000042 0.000081 0.000153 0.000282 0.000511 0.000907 0.001577 0.002689 0.004494 0.007362 0.011829 0.018640 0.028815 0.043706 0.065055 0.095045 0.136325 0.192006 0.265607 0.360953 0.482011 0.632661 0.816421 1.036134 1.293647 1.589513 1.922752 2.290703 2.689000 3.111683 3.551444 4.000000 ]
[ 3.000000 2.663583 2.333762 2.016750 1.718027 1.442064 1.192135 0.970235 0.777101 0.612316 0.474496 0.361509 0.270715 0.199205 0.144004 0.102244 0.071284 0.048791 0.032779 0.021611 0.013980 0.008872 0.005522 0.003370 0.002017 0.001183 0.000680 0.000383 0.000212 0.000114 0.000061 0.000031 0.000016 0.000008 0.000004 0.000002 0.000001 0.000000 0.000000 0.000000 0.000000 0.000000 0.000000 0.000000 0.000000 0.000000 0.000000 0.000000 0.000000 0.000000 0.000000 0.000000 0.000000 0.000000 0.000000 0.000000 0.000000 0.000000 0.000000 0.000000 0.000000 0.000000 0.000001 0.000001 0.000002 0.000005 0.000011 0.000021 0.000042 0.000081 0.000153 0.000282 0.000511 0.000907 0.001577 0.002689 0.004494 0.007362 0.011829 0.018640 0.028815 0.043706 0.065055 0.095045 0.136325 0.192006 0.265607 0.360953 0.482011 0.632661 0.816421 1.036134 1.293647 1.589513 1.922752 2.290703 2.689000 3.111683 3.551444 4.000000 ]
[ 3.000000 2.663583 2.333762 2.016750 1.718027 1.442064 1.192135 0.970235 0.777101 0.612316 0.474496 0.361509 0.270715 0.199205 0.144004 0.102244 0.071284 0.048791 0.032779 0.021611 0.013980 0.008872 0.005522 0.003370 0.002017 0.001183 0.000680 0.000383 0.000212 0.000114 0.000061 0.000031 0.000016 0.000008 0.000004 0.000002 0.000001 0.000000 0.000000 0.000000 0.000000 0.000000 0.000000 0.000000 0.000000 0.000000 0.000000 0.000000 0.000000 0.000000 0.000000 0.000000 0.000000 0.000000 0.000000 0.000000 0.000000 0.000000 0.000000 0.000000 0.000000 0.000000 0.000001 0.000001 0.000002 0.000005 0.000011 0.000021 0.000042 0.000081 0.000153 0.000282 0.000511 0.000907 0.001577 0.002689 0.004494 0.007362 0.011829 0.018640 0.028815 0.043706 0.065055 0.095045 0.136325 0.192006 0.265607 0.360953 0.482011 0.632661 0.816421 1.036134 1.293647 1.589513 1.922752 2.290703 2.689000 3.111683 3.551444 4.000000 ]
[ 3.000000 2.663583 2.333762 2.016750 1.718027 1.442064 1.192135 0.970235 0.777101 0.612316 0.474496 0.361509 0.270715 0.199205 0.144004 0.102244 0.071284 0.048791 0.032779 0.021611 0.013980 0.008872 0.005522 0.003370 0.002017 0.001183 0.000680 0.000383 0.000212 0.000114 0.000061 0.000031 0.000016 0.000008 0.000004 0.000002 0.000001 0.000000 0.000000 0.000000 0.000000 0.000000 0.000000 0.000000 0.000000 0.000000 0.000000 0.000000 0.000000 0.000000 0.000000 0.000000 0.000000 0.000000 0.000000 0.000000 0.000000 0.000000 0.000000 0.000000 0.000000 0.000000 0.000001 0.000001 0.000002 0.000005 0.000011 0.000021 0.000042 0.000081 0.000153 0.000282 0.000511 0.000907 0.001577 0.002689 0.004494 0.007362 0.011829 0.018640 0.028815 0.043706 0.065055 0.095045 0.136325 0.192006 0.265607 0.360953 0.482011 0.632661 0.816421 1.036134 1.293647 1.589513 1.922752 2.290703 2.689000 3.111683 3.551444 4.000000 ]
[ 3.000000 2.663583 2.333762 2.016750 1.718027 1.442064 1.192135 0.970235 0.777101 0.612316 0.474496 0.361509 0.270715 0.199205 0.144004 0.102244 0.071284 0.048791 0.032779 0.021611 0.013980 0.008872 0.005522 0.003370 0.002017 0.001183 0.000680 0.000383 0.000212 0.000114 0.000061 0.000031 0.000016 0.000008 0.000004 0.000002 0.000001 0.000000 0.000000 0.000000 0.000000 0.000000 0.000000 0.000000 0.000000 0.000000 0.000000 0.000000 0.000000 0.000000 0.000000 0.000000 0.000000 0.000000 0.000000 0.000000 0.000000 0.000000 0.000000 0.000000 0.000000 0.000000 0.000001 0.000001 0.000002 0.000005 0.000011 0.000021 0.000042 0.000081 0.000153 0.000282 0.000511 0.000907 0.001577 0.002689 0.004494 0.007362 0.011829 0.018640 0.028815 0.043706 0.065055 0.095045 0.136325 0.192006 0.265607 0.360953 0.482011 0.632661 0.816421 1.036134 1.293647 1.589513 1.922752 2.290703 2.689000 3.111683 3.551444 4.000000 ]
[ 3.000000 2.663583 2.333762 2.016750 1.718027 1.442064 1.192135 0.970235 0.777101 0.612316 0.474496 0.361509 0.270715 0.199205 0.144004 0.102244 0.071284 0.048791 0.032779 0.021611 0.013980 0.008872 0.005522 0.003370 0.002017 0.001183 0.000680 0.000383 0.000212 0.000114 0.000061 0.000031 0.000016 0.000008 0.000004 0.000002 0.000001 0.000000 0.000000 0.000000 0.000000 0.000000 0.000000 0.000000 0.000000 0.000000 0.000000 0.000000 0.000000 0.000000 0.000000 0.000000 0.000000 0.000000 0.000000 0.000000 0.000000 0.000000 0.000000 0.000000 0.000000 0.000000 0.000001 0.000001 0.000002 0.000005 0.000011 0.000021 0.000042 0.000081 0.000153 0.000282 0.000511 0.000907 0.001577 0.002689 0.004494 0.007362 0.011829 0.018640 0.028815 0.043706 0.065055 0.095045 0.136325 0.192006 0.265607 0.360953 0.482011 0.632661 0.816421 1.036134 1.293647 1.589513 1.922752 2.290703 2.689000 3.111683 3.551444 4.000000 ]
[ 3.000000 2.663583 2.333762 2.016750 1.718027 1.442064 1.192135 0.970235 0.777101 0.612316 0.474496 0.361509 0.270715 0.199205 0.144004 0.102244 0.071284 0.048791 0.032779 0.021611 0.013980 0.008872 0.005522 0.003370 0.002017 0.001183 0.000680 0.000383 0.000212 0.000114 0.000061 0.000031 0.000016 0.000008 0.000004 0.000002 0.000001 0.000000 0.000000 0.000000 0.000000 0.000000 0.000000 0.000000 0.000000 0.000000 0.000000 0.000000 0.000000 0.000000 0.000000 0.000000 0.000000 0.000000 0.000000 0.000000 0.000000 0.000000 0.000000 0.000000 0.000000 0.000000 0.000001 0.000001 0.000002 0.000005 0.000011 0.000021 0.000042 0.000081 0.000153 0.000282 0.000511 0.000907 0.001577 0.002689 0.004494 0.007362 0.011829 0.018640 0.028815 0.043706 0.065055 0.095045 0.136325 0.192006 0.265607 0.360953 0.482011 0.632661 0.816421 1.036134 1.293647 1.589513 1.922752 2.290703 2.689000 3.111683 3.551444 4.000000 ]
[ 3.000000 2.663583 2.333762 2.016750 1.718027 1.442064 1.192135 0.970235 0.777101 0.612316 0.474496 0.361509 0.270715 0.199205 0.144004 0.102244 0.071284 0.048791 0.032779 0.021611 0.013980 0.008872 0.005522 0.003370 0.002017 0.001183 0.000680 0.000383 0.000212 0.000114 0.000061 0.000031 0.000016 0.000008 0.000004 0.000002 0.000001 0.000000 0.000000 0.000000 0.000000 0.000000 0.000000 0.000000 0.000000 0.000000 0.000000 0.000000 0.000000 0.000000 0.000000 0.000000 0.000000 0.000000 0.000000 0.000000 0.000000 0.000000 0.000000 0.000000 0.000000 0.000000 0.000001 0.000001 0.000002 0.000005 0.000011 0.000021 0.000042 0.000081 0.000153 0.000282 0.000511 0.000907 0.001577 0.002689 0.004494 0.007362 0.011829 0.018640 0.028815 0.043706 0.065055 0.095045 0.136325 0.192006 0.265607 0.360953 0.482011 0.632661 0.816421 1.036134 1.293647 1.589513 1.922752 2.290703 2.689000 3.111683 3.551444 4.000000 ]
[ 3.000000 2.663583 2.333762 2.016750 1.718027 1.442064 1.192135 0.970235 0.777101 0.612316 0.474496 0.361509 0.270715 0.199205 0.144004 0.102244 0.071284 0.048791 0.032779 0.021611 0.013980 0.008872 0.005522 0.003370 0.002017 0.001183 0.000680 0.000383 0.000212 0.000114 0.000061 0.000031 0.000016 0.000008 0.000004 0.000002 0.000001 0.000000 0.000000 0.000000 0.000000 0.000000 0.000000 0.000000 0.000000 0.000000 0.000000 0.000000 0.000000 0.000000 0.000000 0.000000 0.000000 0.000000 0.000000 0.000000 0.000000 0.000000 0.000000 0.000000 0.000000 0.000000 0.000001 0.000001 0.000002 0.000005 0.000011 0.000021 0.000042 0.000081 0.000153 0.000282 0.000511 0.000907 0.001577 0.002689 0.004494 0.007362 0.011829 0.018640 0.028815 0.043706 0.065055 0.095045 0.136325 0.192006 0.265607 0.360953 0.482011 0.632661 0.816421 1.036134 1.293647 1.589513 1.922752 2.290703 2.689000 3.111683 3.551444 4.000000 ]
[ 3.000000 2.663583 2.333762 2.016750 1.718027 1.442064 1.192135 0.970235 0.777101 0.612316 0.474496 0.361509 0.270715 0.199205 0.144004 0.102244 0.071284 0.048791 0.032779 0.021611 0.013980 0.008872 0.005522 0.003370 0.002017 0.001183 0.000680 0.000383 0.000212 0.000114 0.000061 0.000031 0.000016 0.000008 0.000004 0.000002 0.000001 0.000000 0.000000 0.000000 0.000000 0.000000 0.000000 0.000000 0.000000 0.000000 0.000000 0.000000 0.000000 0.000000 0.000000 0.000000 0.000000 0.000000 0.000000 0.000000 0.000000 0.000000 0.000000 0.000000 0.000000 0.000000 0.000001 0.000001 0.000002 0.000005 0.000011 0.000021 0.000042 0.000081 0.000153 0.000282 0.000511 0.000907 0.001577 0.002689 0.004494 0.007362 0.011829 0.018640 0.028815 0.043706 0.065055 0.095045 0.136325 0.192006 0.265607 0.360953 0.482011 0.632661 0.816421 1.036134 1.293647 1.589513 1.922752 2.290703 2.689000 3.111683 3.551444 4.000000 ]
[ 3.000000 2.663583 2.333762 2.016750 1.718027 1.442064 1.192135 0.970235 0.777101 0.612316 0.474496 0.361509 0.270715 0.199205 0.144004 0.102244 0.071284 0.048791 0.032779 0.021611 0.013980 0.008872 0.005522 0.003370 0.002017 0.001183 0.000680 0.000383 0.000212 0.000114 0.000061 0.000031 0.000016 0.000008 0.000004 0.000002 0.000001 0.000000 0.000000 0.000000 0.000000 0.000000 0.000000 0.000000 0.000000 0.000000 0.000000 0.000000 0.000000 0.000000 0.000000 0.000000 0.000000 0.000000 0.000000 0.000000 0.000000 0.000000 0.000000 0.000000 0.000000 0.000000 0.000001 0.000001 0.000002 0.000005 0.000011 0.000021 0.000042 0.000081 0.000153 0.000282 0.000511 0.000907 0.001577 0.002689 0.004494 0.007362 0.011829 0.018640 0.028815 0.043706 0.065055 0.095045 0.136325 0.192006 0.265607 0.360953 0.482011 0.632661 0.816421 1.036134 1.293647 1.589513 1.922752 2.290703 2.689000 3.111683 3.551444 4.000000 ]
[ 3.000000 2.663583 2.333762 2.016750 1.718027 1.442064 1.192135 0.970235 0.777101 0.612316 0.474496 0.361509 0.270715 0.199205 0.144004 0.102244 0.071284 0.048791 0.032779 0.021611 0.013980 0.008872 0.005522 0.003370 0.002017 0.001183 0.000680 0.000383 0.000212 0.000114 0.000061 0.000031 0.000016 0.000008 0.000004 0.000002 0.000001 0.000000 0.000000 0.000000 0.000000 0.000000 0.000000 0.000000 0.000000 0.000000 0.000000 0.000000 0.000000 0.000000 0.000000 0.000000 0.000000 0.000000 0.000000 0.000000 0.000000 0.000000 0.000000 0.000000 0.000000 0.000000 0.000001 0.000001 0.000002 0.000005 0.000011 0.000021 0.000042 0.000081 0.000153 0.000282 0.000511 0.000907 0.001577 0.002689 0.004494 0.007362 0.011829 0.018640 0.028815 0.043706 0.065055 0.095045 0.136325 0.192006 0.265607 0.360953 0.482011 0.632661 0.816421 1.036134 1.293647 1.589513 1.922752 2.290703 2.689000 3.111683 3.551444 4.000000 ]
[ 3.000000 2.663583 2.333762 2.016750 1.718027 1.442064 1.192135 0.970235 0.777101 0.612316 0.474496 0.361509 0.270715 0.199205 0.144004 0.102244 0.071284 0.048791 0.032779 0.021611 0.013980 0.008872 0.005522 0.003370 0.002017 0.001183 0.000680 0.000383 0.000212 0.000114 0.000061 0.000031 0.000016 0.000008 0.000004 0.000002 0.000001 0.000000 0.000000 0.000000 0.000000 0.000000 0.000000 0.000000 0.000000 0.000000 0.000000 0.000000 0.000000 0.000000 0.000000 0.000000 0.000000 0.000000 0.000000 0.000000 0.000000 0.000000 0.000000 0.000000 0.000000 0.000000 0.000001 0.000001 0.000002 0.000005 0.000011 0.000021 0.000042 0.000081 0.000153 0.000282 0.000511 0.000907 0.001577 0.002689 0.004494 0.007362 0.011829 0.018640 0.028815 0.043706 0.065055 0.095045 0.136325 0.192006 0.265607 0.360953 0.482011 0.632661 0.816421 1.036134 1.293647 1.589513 1.922752 2.290703 2.689000 3.111683 3.551444 4.000000 ]
[ 3.000000 2.663583 2.333762 2.016750 1.718027 1.442064 1.192135 0.970235 0.777101 0.612316 0.474496 0.361509 0.270715 0.199205 0.144004 0.102244 0.071284 0.048791 0.032779 0.021611 0.013980 0.008872 0.005522 0.003370 0.002017 0.001183 0.000680 0.000383 0.000212 0.000114 0.000061 0.000031 0.000016 0.000008 0.000004 0.000002 0.000001 0.000000 0.000000 0.000000 0.000000 0.000000 0.000000 0.000000 0.000000 0.000000 0.000000 0.000000 0.000000 0.000000 0.000000 0.000000 0.000000 0.000000 0.000000 0.000000 0.000000 0.000000 0.000000 0.000000 0.000000 0.000000 0.000001 0.000001 0.000002 0.000005 0.000011 0.000021 0.000042 0.000081 0.000153 0.000282 0.000511 0.000907 0.001577 0.002689 0.004494 0.007362 0.011829 0.018640 0.028815 0.043706 0.065055 0.095045 0.136325 0.192006 0.265607 0.360953 0.482011 0.632661 0.816421 1.036134 1.293647 1.589513 1.922752 2.290703 2.689000 3.111683 3.551444 4.000000 ]
[ 3.000000 2.663583 2.333762 2.016750 1.718027 1.442064 1.192135 0.970235 0.777101 0.612316 0.474496 0.361509 0.270715 0.199205 0.144004 0.102244 0.071284 0.048791 0.032779 0.021612 0.013980 0.008872 0.005522 0.003370 0.002017 0.001183 0.000680 0.000383 0.000212 0.000114 0.000061 0.000031 0.000016 0.000008 0.000004 0.000002 0.000001 0.000000 0.000000 0.000000 0.000000 0.000000 0.000000 0.000000 0.000000 0.000000 0.000000 0.000000 0.000000 0.000000 0.000000 0.000000 0.000000 0.000000 0.000000 0.000000 0.000000 0.000000 0.000000 0.000000 0.000000 0.000000 0.000001 0.000001 0.000002 0.000005 0.000011 0.000021 0.000042 0.000081 0.000153 0.000282 0.000511 0.000907 0.001577 0.002689 0.004494 0.007362 0.011829 0.018640 0.028815 0.043706 0.065055 0.095045 0.136325 0.192006 0.265607 0.360953 0.482011 0.632661 0.816421 1.036134 1.293647 1.589513 1.922752 2.290703 2.689000 3.111683 3.551444 4.000000 ]
[ 3.000000 2.663583 2.333762 2.016750 1.718027 1.442064 1.192135 0.970236 0.777101 0.612316 0.474496 0.361509 0.270715 0.199205 0.144004 0.102244 0.071284 0.048791 0.032779 0.021612 0.013980 0.008872 0.005522 0.003370 0.002017 0.001183 0.000680 0.000383 0.000212 0.000114 0.000061 0.000031 0.000016 0.000008 0.000004 0.000002 0.000001 0.000000 0.000000 0.000000 0.000000 0.000000 0.000000 0.000000 0.000000 0.000000 0.000000 0.000000 0.000000 0.000000 0.000000 0.000000 0.000000 0.000000 0.000000 0.000000 0.000000 0.000000 0.000000 0.000000 0.000000 0.000000 0.000001 0.000001 0.000002 0.000005 0.000011 0.000021 0.000042 0.000081 0.000153 0.000282 0.000511 0.000907 0.001577 0.002689 0.004494 0.007362 0.011829 0.018640 0.028815 0.043706 0.065055 0.095045 0.136325 0.192006 0.265607 0.360953 0.482011 0.632661 0.816421 1.036134 1.293647 1.589513 1.922752 2.290703 2.689000 3.111683 3.551444 4.000000 ]
[ 3.000000 2.663583 2.333762 2.016750 1.718027 1.442064 1.192135 0.970236 0.777101 0.612316 0.474496 0.361509 0.270715 0.199205 0.144005 0.102244 0.071284 0.048791 0.032779 0.021612 0.013980 0.008872 0.005522 0.003370 0.002017 0.001183 0.000680 0.000383 0.000212 0.000115 0.000061 0.000032 0.000016 0.000008 0.000004 0.000002 0.000001 0.000001 0.000000 0.000000 0.000000 0.000000 0.000000 0.000000 0.000000 0.000000 0.000000 0.000000 0.000000 0.000000 0.000000 0.000000 0.000000 0.000000 0.000000 0.000000 0.000000 0.000000 0.000000 0.000000 0.000000 0.000000 0.000001 0.000001 0.000003 0.000005 0.000011 0.000021 0.000042 0.000081 0.000153 0.000282 0.000511 0.000907 0.001578 0.002689 0.004494 0.007362 0.011829 0.018640 0.028815 0.043706 0.065055 0.095045 0.136325 0.192006 0.265607 0.360953 0.482011 0.632661 0.816421 1.036134 1.293647 1.589513 1.922752 2.290703 2.689000 3.111683 3.551444 4.000000 ]
[ 3.000000 2.663583 2.333762 2.016750 1.718027 1.442064 1.192135 0.970236 0.777101 0.612316 0.474496 0.361509 0.270715 0.199205 0.144005 0.102244 0.071284 0.048791 0.032780 0.021612 0.013980 0.008872 0.005522 0.003370 0.002017 0.001183 0.000680 0.000383 0.000212 0.000115 0.000061 0.000032 0.000016 0.000008 0.000004 0.000002 0.000001 0.000001 0.000000 0.000000 0.000000 0.000000 0.000000 0.000000 0.000000 0.000000 0.000000 0.000000 0.000000 0.000000 0.000000 0.000000 0.000000 0.000000 0.000000 0.000000 0.000000 0.000000 0.000000 0.000000 0.000000 0.000000 0.000001 0.000001 0.000003 0.000005 0.000011 0.000022 0.000042 0.000081 0.000153 0.000282 0.000511 0.000907 0.001578 0.002689 0.004494 0.007363 0.011829 0.018640 0.028816 0.043706 0.065055 0.095045 0.136325 0.192006 0.265607 0.360954 0.482012 0.632662 0.816421 1.036134 1.293647 1.589513 1.922752 2.290703 2.689000 3.111683 3.551444 4.000000 ]
[ 3.000000 2.663583 2.333762 2.016750 1.718027 1.442064 1.192135 0.970236 0.777101 0.612316 0.474497 0.361509 0.270716 0.199206 0.144005 0.102244 0.071284 0.048792 0.032780 0.021612 0.013981 0.008872 0.005522 0.003371 0.002017 0.001184 0.000681 0.000384 0.000212 0.000115 0.000061 0.000032 0.000017 0.000008 0.000004 0.000002 0.000001 0.000001 0.000001 0.000001 0.000001 0.000001 0.000001 0.000001 0.000001 0.000001 0.000001 0.000001 0.000001 0.000001 0.000001 0.000001 0.000001 0.000001 0.000001 0.000001 0.000001 0.000001 0.000001 0.000001 0.000001 0.000001 0.000001 0.000002 0.000003 0.000006 0.000011 0.000022 0.000042 0.000081 0.000153 0.000283 0.000512 0.000907 0.001578 0.002690 0.004494 0.007363 0.011829 0.018641 0.028816 0.043706 0.065055 0.095045 0.136326 0.192006 0.265607 0.360954 0.482012 0.632662 0.816422 1.036134 1.293648 1.589513 1.922752 2.290703 2.689000 3.111683 3.551444 4.000000 ]
[ 3.000000 2.663583 2.333763 2.016750 1.718028 1.442065 1.192136 0.970236 0.777102 0.612317 0.474497 0.361510 0.270716 0.199206 0.144006 0.102245 0.071285 0.048792 0.032781 0.021613 0.013981 0.008873 0.005523 0.003371 0.002018 0.001184 0.000681 0.000384 0.000213 0.000116 0.000062 0.000033 0.000017 0.000009 0.000005 0.000003 0.000002 0.000002 0.000001 0.000001 0.000001 0.000001 0.000001 0.000001 0.000001 0.000001 0.000001 0.000001 0.000001 0.000001 0.000001 0.000001 0.000001 0.000001 0.000001 0.000001 0.000001 0.000001 0.000001 0.000001 0.000001 0.000001 0.000002 0.000002 0.000004 0.000006 0.000012 0.000022 0.000043 0.000082 0.000154 0.000283 0.000512 0.000908 0.001579 0.002690 0.004495 0.007363 0.011830 0.018641 0.028817 0.043707 0.065056 0.095046 0.136326 0.192007 0.265608 0.360954 0.482012 0.632662 0.816422 1.036135 1.293648 1.589514 1.922752 2.290703 2.689000 3.111683 3.551444 4.000000 ]
[ 3.000000 2.663583 2.333763 2.016751 1.718028 1.442065 1.192137 0.970237 0.777103 0.612318 0.474498 0.361511 0.270717 0.199208 0.144007 0.102246 0.071286 0.048793 0.032782 0.021614 0.013983 0.008874 0.005524 0.003373 0.002019 0.001186 0.000683 0.000386 0.000214 0.000117 0.000063 0.000034 0.000019 0.000010 0.000006 0.000004 0.000003 0.000003 0.000003 0.000003 0.000003 0.000003 0.000003 0.000003 0.000003 0.000003 0.000003 0.000003 0.000003 0.000003 0.000003 0.000003 0.000003 0.000003 0.000003 0.000003 0.000003 0.000003 0.000003 0.000003 0.000003 0.000003 0.000003 0.000004 0.000005 0.000008 0.000013 0.000024 0.000044 0.000083 0.000155 0.000285 0.000514 0.000909 0.001580 0.002692 0.004496 0.007365 0.011831 0.018643 0.028818 0.043708 0.065057 0.095047 0.136328 0.192008 0.265609 0.360956 0.482014 0.632664 0.816423 1.036136 1.293649 1.589515 1.922753 2.290704 2.689001 3.111683 3.551444 4.000000 ]
[ 3.000000 2.663584 2.333763 2.016752 1.718029 1.442067 1.192138 0.970239 0.777105 0.612320 0.474501 0.361513 0.270720 0.199210 0.144009 0.102249 0.071289 0.048796 0.032785 0.021617 0.013985 0.008877 0.005527 0.003375 0.002022 0.001188 0.000685 0.000389 0.000217 0.000120 0.000066 0.000037 0.000021 0.000013 0.000009 0.000007 0.000006 0.000006 0.000005 0.000005 0.000005 0.000005 0.000005 0.000005 0.000005 0.000005 0.000005 0.000005 0.000005 0.000005 0.000005 0.000005 0.000005 0.000005 0.000005 0.000005 0.000005 0.000005 0.000005 0.000005 0.000005 0.000006 0.000006 0.000006 0.000008 0.000010 0.000016 0.000027 0.000047 0.000086 0.000158 0.000287 0.000516 0.000912 0.001583 0.002694 0.004499 0.007368 0.011834 0.018645 0.028821 0.043711 0.065060 0.095050 0.136330 0.192011 0.265612 0.360958 0.482016 0.632666 0.816426 1.036138 1.293651 1.589516 1.922755 2.290705 2.689002 3.111684 3.551445 4.000000 ]
[ 3.000000 2.663584 2.333765 2.016754 1.718032 1.442070 1.192142 0.970243 0.777109 0.612325 0.474505 0.361518 0.270725 0.199215 0.144015 0.102254 0.071294 0.048801 0.032790 0.021622 0.013991 0.008882 0.005532 0.003381 0.002027 0.001194 0.000691 0.000394 0.000222 0.000125 0.000071 0.000042 0.000027 0.000019 0.000014 0.000012 0.000011 0.000011 0.000011 0.000011 0.000011 0.000011 0.000011 0.000011 0.000011 0.000011 0.000011 0.000011 0.000011 0.000011 0.000011 0.000011 0.000011 0.000011 0.000011 0.000011 0.000011 0.000011 0.000011 0.000011 0.000011 0.000011 0.000011 0.000012 0.000013 0.000016 0.000021 0.000032 0.000053 0.000091 0.000163 0.000293 0.000522 0.000918 0.001588 0.002700 0.004504 0.007373 0.011839 0.018651 0.028826 0.043716 0.065065 0.095055 0.136336 0.192016 0.265617 0.360963 0.482021 0.632670 0.816430 1.036142 1.293654 1.589520 1.922757 2.290707 2.689003 3.111685 3.551445 4.000000 ]
[ 3.000000 2.663585 2.333767 2.016757 1.718036 1.442075 1.192148 0.970250 0.777117 0.612333 0.474514 0.361527 0.270734 0.199225 0.144025 0.102264 0.071304 0.048812 0.032800 0.021632 0.014001 0.008892 0.005543 0.003391 0.002038 0.001204 0.000701 0.000404 0.000232 0.000135 0.000082 0.000052 0.000037 0.000029 0.000025 0.000023 0.000022 0.000021 0.000021 0.000021 0.000021 0.000021 0.000021 0.000021 0.000021 0.000021 0.000021 0.000021 0.000021 0.000021 0.000021 0.000021 0.000021 0.000021 0.000021 0.000021 0.000021 0.000021 0.000021 0.000021 0.000021 0.000021 0.000021 0.000022 0.000023 0.000026 0.000032 0.000042 0.000063 0.000102 0.000173 0.000303 0.000532 0.000928 0.001598 0.002710 0.004514 0.007383 0.011850 0.018661 0.028836 0.043726 0.065075 0.095065 0.136345 0.192026 0.265626 0.360972 0.482030 0.632679 0.816438 1.036150 1.293661 1.589526 1.922763 2.290711 2.689007 3.111687 3.551446 4.000000 ]
[ 3.000000 2.663588 2.333771 2.016763 1.718045 1.442085 1.192160 0.970263 0.777131 0.612349 0.474530 0.361544 0.270752 0.199243 0.144043 0.102283 0.071323 0.048831 0.032819 0.021652 0.014020 0.008912 0.005562 0.003410 0.002057 0.001223 0.000721 0.000424 0.000252 0.000155 0.000101 0.000072 0.000056 0.000048 0.000044 0.000042 0.000041 0.000041 0.000041 0.000040 0.000040 0.000040 0.000040 0.000040 0.000040 0.000040 0.000040 0.000040 0.000040 0.000040 0.000040 0.000040 0.000040 0.000040 0.000040 0.000040 0.000040 0.000040 0.000040 0.000040 0.000040 0.000041 0.000041 0.000042 0.000043 0.000046 0.000051 0.000062 0.000082 0.000121 0.000193 0.000322 0.000551 0.000947 0.001618 0.002729 0.004534 0.007403 0.011869 0.018680 0.028855 0.043746 0.065094 0.095084 0.136364 0.192044 0.265645 0.360990 0.482047 0.632695 0.816454 1.036164 1.293674 1.589538 1.922773 2.290720 2.689013 3.111692 3.551448 4.000000 ]
[ 3.000000 2.663591 2.333779 2.016775 1.718060 1.442104 1.192182 0.970288 0.777158 0.612377 0.474561 0.361576 0.270785 0.199277 0.144077 0.102318 0.071358 0.048866 0.032855 0.021687 0.014056 0.008948 0.005598 0.003446 0.002093 0.001259 0.000756 0.000459 0.000288 0.000191 0.000137 0.000108 0.000092 0.000084 0.000080 0.000078 0.000077 0.000077 0.000076 0.000076 0.000076 0.000076 0.000076 0.000076 0.000076 0.000076 0.000076 0.000076 0.000076 0.000076 0.000076 0.000076 0.000076 0.000076 0.000076 0.000076 0.000076 0.000076 0.000076 0.000076 0.000076 0.000076 0.000077 0.000077 0.000079 0.000081 0.000087 0.000098 0.000118 0.000157 0.000229 0.000358 0.000587 0.000983 0.001654 0.002765 0.004570 0.007438 0.011905 0.018716 0.028891 0.043781 0.065130 0.095119 0.136399 0.192079 0.265678 0.361023 0.482078 0.632726 0.816482 1.036191 1.293699 1.589559 1.922791 2.290735 2.689025 3.111700 3.551452 4.000000 ]
[ 3.000000 2.663599 2.333794 2.016797 1.718088 1.442138 1.192221 0.970332 0.777206 0.612429 0.474616 0.361634 0.270844 0.199337 0.144139 0.102381 0.071422 0.048930 0.032919 0.021752 0.014121 0.009012 0.005663 0.003511 0.002158 0.001324 0.000821 0.000524 0.000353 0.000255 0.000202 0.000172 0.000157 0.000149 0.000145 0.000143 0.000142 0.000141 0.000141 0.000141 0.000141 0.000141 0.000141 0.000141 0.000141 0.000141 0.000141 0.000141 0.000141 0.000141 0.000141 0.000141 0.000141 0.000141 0.000141 0.000141 0.000141 0.000141 0.000141 0.000141 0.000141 0.000141 0.000142 0.000142 0.000143 0.000146 0.000152 0.000162 0.000183 0.000222 0.000294 0.000423 0.000652 0.001048 0.001718 0.002830 0.004634 0.007503 0.011969 0.018781 0.028955 0.043845 0.065193 0.095182 0.136461 0.192140 0.265738 0.361081 0.482135 0.632780 0.816533 1.036238 1.293742 1.589597 1.922824 2.290762 2.689045 3.111713 3.551459 4.000000 ]
[ 3.000000 2.663612 2.333819 2.016834 1.718137 1.442197 1.192290 0.970410 0.777291 0.612521 0.474713 0.361735 0.270949 0.199445 0.144249 0.102491 0.071534 0.049043 0.033032 0.021865 0.014235 0.009126 0.005777 0.003625 0.002272 0.001438 0.000936 0.000639 0.000467 0.000370 0.000316 0.000287 0.000271 0.000263 0.000259 0.000257 0.000256 0.000256 0.000256 0.000256 0.000256 0.000255 0.000255 0.000255 0.000255 0.000255 0.000255 0.000255 0.000255 0.000255 0.000255 0.000255 0.000255 0.000255 0.000255 0.000255 0.000255 0.000255 0.000256 0.000256 0.000256 0.000256 0.000256 0.000257 0.000258 0.000261 0.000266 0.000277 0.000297 0.000336 0.000408 0.000538 0.000766 0.001162 0.001833 0.002944 0.004749 0.007617 0.012084 0.018895 0.029069 0.043958 0.065306 0.095294 0.136572 0.192249 0.265845 0.361185 0.482235 0.632875 0.816623 1.036322 1.293818 1.589665 1.922882 2.290810 2.689082 3.111738 3.551472 4.000000 ]
[ 3.000000 2.663634 2.333863 2.016899 1.718221 1.442300 1.192409 0.970544 0.777438 0.612678 0.474879 0.361909 0.271129 0.199630 0.144437 0.102683 0.071727 0.049238 0.033228 0.022062 0.014432 0.009324 0.005974 0.003823 0.002470 0.001636 0.001134 0.000837 0.000665 0.000568 0.000514 0.000485 0.000469 0.000461 0.000457 0.000455 0.000454 0.000454 0.000454 0.000454 0.000453 0.000453 0.000453 0.000453 0.000453 0.000453 0.000453 0.000453 0.000453 0.000453 0.000453 0.000453 0.000453 0.000453 0.000453 0.000453 0.000453 0.000453 0.000453 0.000454 0.000454 0.000454 0.000454 0.000455 0.000456 0.000459 0.000464 0.000475 0.000495 0.000534 0.000606 0.000735 0.000964 0.001360 0.002031 0.003142 0.004947 0.007815 0.012281 0.019092 0.029266 0.044154 0.065501 0.095487 0.136763 0.192436 0.266029 0.361364 0.482407 0.633039 0.816778 1.036465 1.293949 1.589780 1.922982 2.290891 2.689144 3.111780 3.551493 4.000000 ]
[ 3.000000 2.663671 2.333937 2.017008 1.718364 1.442473 1.192610 0.970769 0.777686 0.612945 0.475161 0.362204 0.271434 0.199943 0.144757 0.103007 0.072055 0.049568 0.033560 0.022395 0.014766 0.009658 0.006309 0.004158 0.002805 0.001972 0.001469 0.001172 0.001000 0.000903 0.000849 0.000820 0.000805 0.000797 0.000793 0.000791 0.000790 0.000789 0.000789 0.000789 0.000789 0.000789 0.000789 0.000789 0.000789 0.000789 0.000789 0.000789 0.000789 0.000789 0.000789 0.000789 0.000789 0.000789 0.000789 0.000789 0.000789 0.000789 0.000789 0.000789 0.000789 0.000789 0.000789 0.000790 0.000791 0.000794 0.000799 0.000810 0.000831 0.000869 0.000941 0.001071 0.001300 0.001695 0.002366 0.003477 0.005281 0.008150 0.012615 0.019425 0.029598 0.044485 0.065830 0.095814 0.137085 0.192754 0.266339 0.361666 0.482698 0.633317 0.817039 1.036708 1.294168 1.589976 1.923149 2.291028 2.689249 3.111851 3.551529 4.000000 ]
[ 3.000000 2.663733 2.334058 2.017188 1.718598 1.442759 1.192942 0.971143 0.778095 0.613385 0.475627 0.362692 0.271939 0.200462 0.145286 0.103544 0.072597 0.050115 0.034110 0.022947 0.015319 0.010213 0.006864 0.004713 0.003360 0.002527 0.002024 0.001728 0.001556 0.001459 0.001405 0.001376 0.001360 0.001352 0.001348 0.001346 0.001345 0.001345 0.001345 0.001345 0.001345 0.001345 0.001345 0.001344 0.001344 0.001344 0.001344 0.001344 0.001344 0.001344 0.001344 0.001344 0.001344 0.001344 0.001344 0.001344 0.001344 0.001345 0.001345 0.001345 0.001345 0.001345 0.001345 0.001346 0.001347 0.001350 0.001355 0.001366 0.001386 0.001425 0.001497 0.001626 0.001855 0.002251 0.002921 0.004033 0.005837 0.008704 0.013169 0.019978 0.030149 0.045034 0.066375 0.096354 0.137620 0.193279 0.266853 0.362165 0.483179 0.633775 0.817471 1.037106 1.294531 1.590297 1.923424 2.291254 2.689421 3.111968 3.551588 4.000000 ]
[ 3.000000 2.663831 2.334255 2.017477 1.718977 1.443219 1.193478 0.971745 0.778757 0.614097 0.476383 0.363481 0.272758 0.201302 0.146144 0.104415 0.073478 0.051002 0.035003 0.023843 0.016217 0.011112 0.007765 0.005615 0.004262 0.003429 0.002927 0.002630 0.002458 0.002361 0.002307 0.002278 0.002263 0.002255 0.002251 0.002249 0.002248 0.002247 0.002247 0.002247 0.002247 0.002247 0.002247 0.002247 0.002247 0.002247 0.002247 0.002247 0.002247 0.002247 0.002247 0.002247 0.002247 0.002247 0.002247 0.002247 0.002247 0.002247 0.002247 0.002247 0.002247 0.002247 0.002247 0.002248 0.002249 0.002252 0.002257 0.002268 0.002289 0.002327 0.002399 0.002529 0.002757 0.003153 0.003823 0.004934 0.006738 0.009605 0.014068 0.020876 0.031044 0.045925 0.067260 0.097232 0.138486 0.194131 0.267686 0.362974 0.483957 0.634517 0.818166 1.037752 1.295116 1.590815 1.923867 2.291617 2.689698 3.112155 3.551682 4.000000 ]
[ 3.000000 2.663988 2.334564 2.017936 1.719574 1.443949 1.194326 0.972701 0.779805 0.615227 0.477579 0.364735 0.274056 0.202637 0.147506 0.105798 0.074877 0.052413 0.036421 0.025267 0.017645 0.012542 0.009197 0.007048 0.005696 0.004863 0.004361 0.004064 0.003892 0.003795 0.003742 0.003713 0.003697 0.003689 0.003685 0.003683 0.003682 0.003682 0.003681 0.003681 0.003681 0.003681 0.003681 0.003681 0.003681 0.003681 0.003681 0.003681 0.003681 0.003681 0.003681 0.003681 0.003681 0.003681 0.003681 0.003681 0.003681 0.003681 0.003681 0.003681 0.003681 0.003681 0.003682 0.003682 0.003684 0.003686 0.003692 0.003702 0.003723 0.003762 0.003834 0.003963 0.004192 0.004587 0.005257 0.006367 0.008170 0.011036 0.015498 0.022302 0.032466 0.047340 0.068667 0.098624 0.139861 0.195483 0.269008 0.364255 0.485191 0.635689 0.819270 1.038769 1.296040 1.591630 1.924567 2.292187 2.690134 3.112448 3.551830 4.000000 ]
[ 3.000000 2.664229 2.335044 2.018643 1.720502 1.445076 1.195641 0.974180 0.781433 0.616978 0.479439 0.366681 0.276075 0.204711 0.149625 0.107950 0.077054 0.054607 0.038629 0.027483 0.019867 0.014769 0.011426 0.009278 0.007927 0.007095 0.006593 0.006297 0.006126 0.006029 0.005975 0.005946 0.005930 0.005922 0.005918 0.005916 0.005915 0.005915 0.005915 0.005914 0.005914 0.005914 0.005914 0.005914 0.005914 0.005914 0.005914 0.005914 0.005914 0.005914 0.005914 0.005914 0.005914 0.005914 0.005914 0.005914 0.005914 0.005914 0.005914 0.005914 0.005914 0.005915 0.005915 0.005916 0.005917 0.005920 0.005925 0.005936 0.005956 0.005995 0.006067 0.006196 0.006425 0.006820 0.007489 0.008599 0.010400 0.013264 0.017723 0.024522 0.034679 0.049543 0.070854 0.100792 0.142000 0.197585 0.271059 0.366246 0.487102 0.637509 0.820974 1.040347 1.297465 1.592892 1.925642 2.293068 2.690804 3.112901 3.552057 4.000000 ]
[ 3.000000 2.664595 2.335768 2.019717 1.721902 1.446789 1.197631 0.976428 0.783901 0.619644 0.482264 0.369645 0.279146 0.207872 0.152852 0.111230 0.080371 0.057953 0.041994 0.030863 0.023256 0.018164 0.014825 0.012680 0.011331 0.010500 0.009998 0.009702 0.009531 0.009434 0.009381 0.009351 0.009336 0.009328 0.009324 0.009322 0.009321 0.009320 0.009320 0.009320 0.009320 0.009320 0.009320 0.009320 0.009320 0.009320 0.009320 0.009320 0.009320 0.009320 0.009320 0.009320 0.009320 0.009320 0.009320 0.009320 0.009320 0.009320 0.009320 0.009320 0.009320 0.009320 0.009321 0.009321 0.009323 0.009325 0.009331 0.009341 0.009362 0.009401 0.009472 0.009601 0.009830 0.010225 0.010893 0.012002 0.013801 0.016662 0.021116 0.027907 0.038053 0.052901 0.074189 0.104093 0.145258 0.200783 0.274183 0.369271 0.490010 0.640267 0.823564 1.042731 1.299626 1.594792 1.927269 2.294391 2.691814 3.113580 3.552400 4.000000 ]
[ 3.000000 2.665135 2.336843 2.021304 1.723984 1.449324 1.200593 0.979764 0.787577 0.623604 0.486477 0.374057 0.283729 0.212583 0.157669 0.116123 0.085325 0.062948 0.047020 0.035910 0.028318 0.023235 0.019902 0.017761 0.016415 0.015585 0.015085 0.014789 0.014618 0.014522 0.014468 0.014439 0.014424 0.014416 0.014411 0.014409 0.014409 0.014408 0.014408 0.014408 0.014408 0.014408 0.014408 0.014408 0.014408 0.014408 0.014408 0.014408 0.014408 0.014408 0.014408 0.014408 0.014408 0.014408 0.014408 0.014408 0.014408 0.014408 0.014408 0.014408 0.014408 0.014408 0.014408 0.014409 0.014410 0.014413 0.014418 0.014429 0.014449 0.014488 0.014560 0.014689 0.014916 0.015311 0.015978 0.017085 0.018881 0.021737 0.026183 0.032963 0.043091 0.057914 0.079166 0.109022 0.150117 0.205554 0.278835 0.373779 0.494331 0.644372 0.827401 1.046272 1.302816 1.597609 1.929662 2.296347 2.693296 3.114581 3.552901 4.000000 ]
[ 3.000000 2.665920 2.338398 2.023611 1.726999 1.453014 1.204891 0.984626 0.792923 0.629386 0.492614 0.380504 0.290416 0.219472 0.164707 0.123281 0.092567 0.070256 0.054372 0.043294 0.035723 0.030656 0.027332 0.025197 0.023854 0.023027 0.022528 0.022233 0.022063 0.021966 0.021913 0.021884 0.021869 0.021861 0.021857 0.021855 0.021854 0.021853 0.021853 0.021853 0.021853 0.021853 0.021853 0.021853 0.021853 0.021853 0.021853 0.021853 0.021853 0.021853 0.021853 0.021853 0.021853 0.021853 0.021853 0.021853 0.021853 0.021853 0.021853 0.021853 0.021853 0.021853 0.021853 0.021854 0.021855 0.021858 0.021863 0.021874 0.021894 0.021933 0.022004 0.022133 0.022360 0.022754 0.023419 0.024523 0.026315 0.029163 0.033598 0.040360 0.050463 0.065246 0.086445 0.116224 0.157221 0.212519 0.285630 0.380347 0.500633 0.650337 0.832986 1.051399 1.307446 1.601670 1.933126 2.299155 2.695435 3.116014 3.553624 4.000000 ]
[ 3.000000 2.667031 2.340607 2.026878 1.731290 1.458251 1.211020 0.991542 0.800560 0.637629 0.501393 0.389712 0.299990 0.229326 0.174790 0.133530 0.102947 0.080727 0.064911 0.053878 0.046340 0.041293 0.037984 0.035858 0.034521 0.033697 0.033200 0.032906 0.032737 0.032640 0.032587 0.032558 0.032543 0.032535 0.032531 0.032529 0.032528 0.032528 0.032527 0.032527 0.032527 0.032527 0.032527 0.032527 0.032527 0.032527 0.032527 0.032527 0.032527 0.032527 0.032527 0.032527 0.032527 0.032527 0.032527 0.032527 0.032527 0.032527 0.032527 0.032527 0.032527 0.032528 0.032528 0.032528 0.032530 0.032532 0.032538 0.032548 0.032569 0.032607 0.032678 0.032806 0.033033 0.033425 0.034088 0.035187 0.036972 0.039809 0.044226 0.050963 0.061026 0.075755 0.096872 0.126543 0.167385 0.222491 0.295338 0.389739 0.509615 0.658849 0.840919 1.058693 1.313995 1.607426 1.938001 2.303121 2.698432 3.118032 3.554634 4.000000 ]
[ 3.000000 2.668575 2.343666 2.031425 1.737243 1.465553 1.219545 1.001206 0.811211 0.649169 0.513667 0.402623 0.313400 0.243153 0.188929 0.147919 0.117514 0.095431 0.079709 0.068745 0.061251 0.056236 0.052946 0.050833 0.049504 0.048685 0.048191 0.047899 0.047730 0.047635 0.047582 0.047553 0.047538 0.047530 0.047526 0.047524 0.047523 0.047523 0.047523 0.047522 0.047522 0.047522 0.047522 0.047522 0.047522 0.047522 0.047522 0.047522 0.047522 0.047522 0.047522 0.047522 0.047522 0.047522 0.047522 0.047522 0.047522 0.047522 0.047522 0.047522 0.047522 0.047523 0.047523 0.047523 0.047525 0.047527 0.047533 0.047543 0.047564 0.047602 0.047673 0.047800 0.048025 0.048415 0.049074 0.050167 0.051942 0.054763 0.059156 0.065854 0.075862 0.090507 0.111511 0.141017 0.181648 0.236459 0.308945 0.402868 0.522182 0.670709 0.851985 1.068812 1.323092 1.615367 1.944739 2.308560 2.702555 3.120786 3.556019 4.000000 ]
[ 3.000000 2.670662 2.347824 2.037585 1.745353 1.475477 1.231191 1.014387 0.825800 0.664954 0.530511 0.420322 0.331828 0.262141 0.208374 0.167700 0.137558 0.115658 0.100073 0.089201 0.081774 0.076801 0.073540 0.071445 0.070128 0.069315 0.068826 0.068536 0.068369 0.068274 0.068222 0.068193 0.068178 0.068170 0.068166 0.068164 0.068163 0.068163 0.068163 0.068163 0.068163 0.068163 0.068163 0.068163 0.068163 0.068163 0.068163 0.068163 0.068163 0.068163 0.068163 0.068163 0.068163 0.068163 0.068163 0.068163 0.068163 0.068163 0.068163 0.068163 0.068163 0.068163 0.068163 0.068164 0.068165 0.068168 0.068173 0.068183 0.068204 0.068242 0.068312 0.068438 0.068661 0.069048 0.069702 0.070786 0.072546 0.075345 0.079701 0.086347 0.096273 0.110805 0.131640 0.160924 0.201240 0.255653 0.327602 0.420877 0.539361 0.686933 0.867047 1.082595 1.335401 1.626121 1.953791 2.315879 2.708056 3.124473 3.557858 4.000000 ]
[ 3.000000 2.673431 2.353323 2.045778 1.756115 1.488721 1.246710 1.032035 0.845313 0.686150 0.553108 0.444135 0.356604 0.287717 0.234554 0.194362 0.164566 0.142932 0.127529 0.116790 0.109450 0.104538 0.101316 0.099247 0.097944 0.097142 0.096658 0.096372 0.096207 0.096113 0.096061 0.096033 0.096018 0.096011 0.096007 0.096005 0.096004 0.096003 0.096003 0.096003 0.096003 0.096003 0.096003 0.096003 0.096003 0.096003 0.096003 0.096003 0.096003 0.096003 0.096003 0.096003 0.096003 0.096003 0.096003 0.096003 0.096003 0.096003 0.096003 0.096003 0.096003 0.096003 0.096003 0.096004 0.096005 0.096008 0.096013 0.096023 0.096043 0.096081 0.096150 0.096275 0.096496 0.096878 0.097525 0.098597 0.100337 0.103103 0.107411 0.113979 0.123797 0.138163 0.158775 0.187735 0.227630 0.281465 0.352698 0.445036 0.562412 0.708608 0.887171 1.100897 1.351745 1.640286 1.965714 2.325429 2.715241 3.129245 3.560248 4.000000 ]
[ 3.000000 2.677002 2.360452 2.056377 1.770122 1.505941 1.267001 1.055099 0.870932 0.713963 0.582862 0.475473 0.389285 0.321441 0.269125 0.229559 0.200250 0.178959 0.163812 0.153246 0.146030 0.141197 0.138029 0.135993 0.134713 0.133924 0.133448 0.133167 0.133004 0.132912 0.132861 0.132833 0.132819 0.132811 0.132807 0.132805 0.132804 0.132804 0.132804 0.132803 0.132803 0.132803 0.132803 0.132803 0.132803 0.132803 0.132803 0.132803 0.132803 0.132803 0.132803 0.132803 0.132803 0.132803 0.132803 0.132803 0.132803 0.132803 0.132803 0.132803 0.132803 0.132804 0.132804 0.132804 0.132806 0.132808 0.132813 0.132824 0.132843 0.132880 0.132948 0.133071 0.133289 0.133665 0.134301 0.135356 0.137069 0.139792 0.144030 0.150499 0.160160 0.174311 0.194603 0.223139 0.262438 0.315513 0.385729 0.476833 0.592642 0.737025 0.913410 1.124739 1.372870 1.658567 1.980949 2.337615 2.724311 3.135273 3.563240 4.000000 ]
[ 3.000000 2.681507 2.369426 2.069802 1.787860 1.527890 1.292873 1.084669 0.903782 0.749777 0.621171 0.515939 0.431474 0.365057 0.313825 0.275119 0.246432 0.225614 0.210794 0.200466 0.193407 0.188684 0.185585 0.183596 0.182344 0.181573 0.181107 0.180832 0.180673 0.180583 0.180533 0.180506 0.180492 0.180484 0.180480 0.180478 0.180477 0.180477 0.180477 0.180477 0.180477 0.180477 0.180477 0.180477 0.180477 0.180477 0.180477 0.180477 0.180477 0.180477 0.180477 0.180477 0.180477 0.180477 0.180477 0.180477 0.180477 0.180477 0.180477 0.180477 0.180477 0.180477 0.180477 0.180478 0.180479 0.180481 0.180487 0.180496 0.180516 0.180552 0.180619 0.180739 0.180952 0.181320 0.181942 0.182974 0.184651 0.187314 0.191465 0.197793 0.207255 0.221105 0.240987 0.268932 0.307459 0.359479 0.428377 0.517769 0.631541 0.773418 0.946968 1.155010 1.399620 1.681478 1.999968 2.352634 2.735452 3.142585 3.566872 4.000000 ]
[ 3.000000 2.687008 2.380453 2.086308 1.809834 1.555125 1.325199 1.121664 0.945100 0.794852 0.669564 0.567063 0.484903 0.420288 0.370510 0.332885 0.305036 0.284811 0.270432 0.260402 0.253554 0.248969 0.245964 0.244032 0.242818 0.242069 0.241618 0.241351 0.241196 0.241109 0.241060 0.241034 0.241020 0.241013 0.241009 0.241007 0.241006 0.241006 0.241006 0.241006 0.241006 0.241006 0.241006 0.241006 0.241006 0.241006 0.241006 0.241006 0.241006 0.241006 0.241006 0.241006 0.241006 0.241006 0.241006 0.241006 0.241006 0.241006 0.241006 0.241006 0.241006 0.241006 0.241006 0.241007 0.241008 0.241010 0.241015 0.241025 0.241044 0.241079 0.241144 0.241261 0.241467 0.241824 0.242429 0.243432 0.245059 0.247648 0.251677 0.257829 0.267020 0.280490 0.299813 0.327009 0.364488 0.415162 0.482271 0.569470 0.680476 0.819131 0.988847 1.192664 1.432555 1.709523 2.022912 2.370610 2.748559 3.151136 3.571063 4.000000 ]
[ 3.000000 2.693532 2.393541 2.106077 1.836248 1.588167 1.364547 1.167021 0.995857 0.850496 0.729355 0.630427 0.551140 0.488886 0.440914 0.404710 0.377895 0.358451 0.344614 0.334977 0.328390 0.323985 0.321095 0.319240 0.318072 0.317353 0.316919 0.316662 0.316514 0.316430 0.316383 0.316358 0.316345 0.316338 0.316334 0.316332 0.316331 0.316331 0.316331 0.316331 0.316331 0.316331 0.316331 0.316331 0.316331 0.316331 0.316331 0.316331 0.316331 0.316331 0.316331 0.316331 0.316331 0.316331 0.316331 0.316331 0.316331 0.316331 0.316331 0.316331 0.316331 0.316331 0.316331 0.316332 0.316333 0.316335 0.316340 0.316349 0.316367 0.316401 0.316463 0.316576 0.316775 0.317118 0.317700 0.318664 0.320231 0.322720 0.326600 0.332518 0.341372 0.354336 0.372965 0.399166 0.435332 0.484219 0.549073 0.633356 0.740858 0.875226 1.040066 1.238277 1.472178 1.742739 2.049764 2.391180 2.763330 3.160546 3.575637 4.000000 ]
[ 3.000000 2.700943 2.408558 2.128905 1.867148 1.627086 1.411383 1.221251 1.056970 0.917643 0.801818 0.707288 0.631688 0.572328 0.526673 0.492201 0.466715 0.448218 0.435078 0.425915 0.419664 0.415477 0.412735 0.410973 0.409865 0.409181 0.408769 0.408526 0.408385 0.408305 0.408261 0.408237 0.408224 0.408217 0.408214 0.408212 0.408211 0.408211 0.408211 0.408211 0.408211 0.408211 0.408211 0.408211 0.408211 0.408211 0.408211 0.408211 0.408211 0.408211 0.408211 0.408211 0.408211 0.408211 0.408211 0.408211 0.408211 0.408211 0.408211 0.408211 0.408211 0.408211 0.408211 0.408212 0.408213 0.408215 0.408219 0.408228 0.408245 0.408278 0.408337 0.408444 0.408633 0.408959 0.409512 0.410429 0.411917 0.414286 0.417972 0.423605 0.432023 0.444371 0.462097 0.487077 0.521540 0.568217 0.630139 0.710789 0.813721 0.942711 1.101172 1.292317 1.518407 1.780938 2.079828 2.413631 2.778830 3.170127 3.580139 4.000000 ]
[ 3.000000 2.708943 2.424926 2.154276 1.901970 1.671699 1.465585 1.284698 1.128822 0.997088 0.887735 0.798740 0.727600 0.671877 0.629010 0.596712 0.572815 0.555507 0.543196 0.534630 0.528776 0.524864 0.522297 0.520651 0.519613 0.518975 0.518589 0.518362 0.518230 0.518155 0.518114 0.518091 0.518079 0.518073 0.518070 0.518068 0.518068 0.518067 0.518067 0.518067 0.518067 0.518067 0.518067 0.518067 0.518067 0.518067 0.518067 0.518067 0.518067 0.518067 0.518067 0.518067 0.518067 0.518067 0.518067 0.518067 0.518067 0.518067 0.518067 0.518067 0.518067 0.518067 0.518067 0.518068 0.518069 0.518071 0.518075 0.518084 0.518100 0.518130 0.518185 0.518285 0.518462 0.518768 0.519286 0.520144 0.521538 0.523753 0.527210 0.532482 0.540377 0.551945 0.568587 0.592019 0.624420 0.668290 0.726631 0.802648 0.899944 1.022033 1.172553 1.354586 1.570895 1.823105 2.111932 2.436305 2.793516 3.178450 3.583801 4.000000 ]
[ 3.000000 2.716850 2.441603 2.180892 1.939685 1.721045 1.526712 1.357015 1.211557 1.088987 0.987639 0.905269 0.839626 0.788221 0.748777 0.719042 0.697094 0.681179 0.669886 0.662015 0.656649 0.653056 0.650704 0.649192 0.648242 0.647656 0.647303 0.647094 0.646973 0.646904 0.646867 0.646846 0.646835 0.646829 0.646826 0.646825 0.646824 0.646824 0.646824 0.646824 0.646824 0.646824 0.646824 0.646824 0.646824 0.646824 0.646824 0.646824 0.646824 0.646824 0.646824 0.646824 0.646824 0.646824 0.646824 0.646824 0.646824 0.646824 0.646824 0.646824 0.646824 0.646824 0.646824 0.646824 0.646825 0.646827 0.646831 0.646839 0.646853 0.646881 0.646932 0.647024 0.647186 0.647467 0.647942 0.648731 0.650009 0.652047 0.655218 0.660068 0.667319 0.677968 0.693270 0.714868 0.744713 0.785229 0.839114 0.909535 0.999765 1.113414 1.253878 1.424612 1.628418 1.867729 2.143765 2.456682 2.804552 3.183192 3.585179 4.000000 ]
[ 3.000000 2.723462 2.456550 2.206645 1.978226 1.773641 1.593490 1.437526 1.304576 1.193188 1.101339 1.026990 0.967797 0.921586 0.886123 0.859461 0.839763 0.825516 0.815391 0.808352 0.803544 0.800333 0.798227 0.796876 0.796025 0.795502 0.795185 0.794998 0.794890 0.794829 0.794795 0.794776 0.794767 0.794762 0.794759 0.794758 0.794757 0.794757 0.794757 0.794757 0.794757 0.794757 0.794757 0.794757 0.794757 0.794757 0.794757 0.794757 0.794757 0.794757 0.794757 0.794757 0.794757 0.794757 0.794757 0.794757 0.794757 0.794757 0.794757 0.794757 0.794757 0.794757 0.794757 0.794757 0.794758 0.794760 0.794763 0.794770 0.794783 0.794808 0.794854 0.794936 0.795081 0.795333 0.795758 0.796463 0.797610 0.799433 0.802277 0.806618 0.813127 0.822669 0.836418 0.855803 0.882662 0.919113 0.967737 1.031325 1.113104 1.216324 1.344548 1.501088 1.689357 1.912188 2.172139 2.470589 2.807576 3.180258 3.581815 4.000000 ]
[ 3.000000 2.726458 2.466344 2.227892 2.014609 1.826973 1.664217 1.524769 1.406966 1.308775 1.228258 1.163221 1.111642 1.071392 1.040598 1.017432 1.000364 0.988002 0.979241 0.973139 0.968982 0.966200 0.964379 0.963209 0.962474 0.962020 0.961747 0.961585 0.961492 0.961438 0.961409 0.961393 0.961385 0.961380 0.961378 0.961377 0.961376 0.961376 0.961376 0.961376 0.961376 0.961376 0.961376 0.961376 0.961376 0.961376 0.961376 0.961376 0.961376 0.961376 0.961376 0.961376 0.961376 0.961376 0.961376 0.961376 0.961376 0.961376 0.961376 0.961376 0.961376 0.961376 0.961376 0.961376 0.961377 0.961379 0.961382 0.961388 0.961399 0.961420 0.961460 0.961531 0.961657 0.961875 0.962243 0.962854 0.963846 0.965427 0.967889 0.971656 0.977293 0.985581 0.997504 1.014361 1.037701 1.069469 1.111851 1.167470 1.239104 1.329947 1.443206 1.582466 1.751213 1.953291 2.192367 2.472201 2.795527 3.162868 3.569146 4.000000 ]
[ 3.000000 2.721390 2.464871 2.239135 2.044391 1.877932 1.736431 1.617036 1.517119 1.434512 1.367042 1.312810 1.269853 1.236450 1.210888 1.191716 1.177573 1.167359 1.160107 1.155070 1.151631 1.149336 1.147830 1.146865 1.146257 1.145884 1.145657 1.145524 1.145447 1.145403 1.145379 1.145365 1.145359 1.145355 1.145353 1.145352 1.145352 1.145351 1.145351 1.145351 1.145351 1.145351 1.145351 1.145351 1.145351 1.145351 1.145351 1.145351 1.145351 1.145351 1.145351 1.145351 1.145351 1.145351 1.145351 1.145351 1.145351 1.145351 1.145351 1.145351 1.145351 1.145351 1.145351 1.145352 1.145352 1.145354 1.145356 1.145361 1.145370 1.145388 1.145421 1.145480 1.145584 1.145763 1.146068 1.146573 1.147394 1.148698 1.150737 1.153849 1.158519 1.165371 1.175258 1.189219 1.208604 1.234975 1.270272 1.316621 1.376563 1.452768 1.548361 1.666602 1.811384 1.986999 2.198848 2.453269 2.757786 3.119133 3.538404 4.000000 ]
[ 3.000000 2.698698 2.441442 2.232035 2.062074 1.922751 1.807638 1.712189 1.633314 1.568545 1.515984 1.473833 1.440580 1.414729 1.395008 1.380202 1.369313 1.361435 1.355858 1.351975 1.349332 1.347564 1.346407 1.345664 1.345197 1.344909 1.344736 1.344633 1.344573 1.344540 1.344521 1.344511 1.344505 1.344503 1.344501 1.344501 1.344500 1.344500 1.344500 1.344500 1.344500 1.344500 1.344500 1.344500 1.344500 1.344500 1.344500 1.344500 1.344500 1.344500 1.344500 1.344500 1.344500 1.344500 1.344500 1.344500 1.344500 1.344500 1.344500 1.344500 1.344500 1.344500 1.344500 1.344500 1.344501 1.344502 1.344504 1.344507 1.344515 1.344528 1.344553 1.344599 1.344679 1.344817 1.345051 1.345440 1.346071 1.347077 1.348645 1.351045 1.354639 1.359928 1.367544 1.378330 1.393290 1.413702 1.441015 1.477008 1.523610 1.583143 1.658111 1.751591 1.867145 2.009563 2.185245 2.403664 2.678442 3.028122 3.470734 4.000000 ]
[ 3.000000 2.635483 2.376989 2.195462 2.061650 1.958204 1.875557 1.808431 1.753577 1.708915 1.672800 1.643969 1.621240 1.603627 1.590180 1.580115 1.572699 1.567350 1.563554 1.560920 1.559122 1.557923 1.557136 1.556632 1.556314 1.556119 1.556001 1.555932 1.555891 1.555869 1.555856 1.555849 1.555845 1.555843 1.555842 1.555842 1.555842 1.555841 1.555841 1.555841 1.555841 1.555841 1.555841 1.555841 1.555841 1.555841 1.555841 1.555841 1.555841 1.555841 1.555841 1.555841 1.555841 1.555841 1.555841 1.555841 1.555841 1.555841 1.555841 1.555841 1.555841 1.555841 1.555841 1.555842 1.555842 1.555843 1.555844 1.555846 1.555851 1.555861 1.555878 1.555908 1.555963 1.556057 1.556216 1.556480 1.556909 1.557592 1.558659 1.560288 1.562735 1.566328 1.571517 1.578852 1.589054 1.602959 1.621622 1.646213 1.678170 1.719063 1.770840 1.835754 1.916848 2.018271 2.146589 2.312692 2.536163 2.852387 3.320653 4.000000 ]
[ 3.000000 2.468638 2.240300 2.117956 2.039548 1.982967 1.939311 1.904454 1.876268 1.853425 1.835039 1.820373 1.808847 1.799909 1.793103 1.788000 1.784251 1.781541 1.779624 1.778289 1.777381 1.776774 1.776377 1.776121 1.775961 1.775862 1.775803 1.775767 1.775747 1.775736 1.775729 1.775726 1.775724 1.775723 1.775722 1.775722 1.775722 1.775722 1.775722 1.775722 1.775722 1.775722 1.775722 1.775722 1.775722 1.775722 1.775722 1.775722 1.775722 1.775722 1.775722 1.775722 1.775722 1.775722 1.775722 1.775722 1.775722 1.775722 1.775722 1.775722 1.775722 1.775722 1.775722 1.775722 1.775722 1.775723 1.775723 1.775724 1.775727 1.775732 1.775740 1.775756 1.775783 1.775831 1.775911 1.776045 1.776262 1.776608 1.777147 1.777972 1.779209 1.781029 1.783653 1.787372 1.792536 1.799592 1.809053 1.821552 1.837794 1.858649 1.885102 1.918452 1.960385 2.013512 2.082164 2.174721 2.309251 2.530287 2.962366 4.000000 ]
[ 3.000000 2.000000 2.000000 2.000000 2.000000 2.000000 2.000000 2.000000 2.000000 2.000000 2.000000 2.000000 2.000000 2.000000 2.000000 2.000000 2.000000 2.000000 2.000000 2.000000 2.000000 2.000000 2.000000 2.000000 2.000000 2.000000 2.000000 2.000000 2.000000 2.000000 2.000000 2.000000 2.000000 2.000000 2.000000 2.000000 2.000000 2.000000 2.000000 2.000000 2.000000 2.000000 2.000000 2.000000 2.000000 2.000000 2.000000 2.000000 2.000000 2.000000 2.000000 2.000000 2.000000 2.000000 2.000000 2.000000 2.000000 2.000000 2.000000 2.000000 2.000000 2.000000 2.000000 2.000000 2.000000 2.000000 2.000000 2.000000 2.000000 2.000000 2.000000 2.000000 2.000000 2.000000 2.000000 2.000000 2.000000 2.000000 2.000000 2.000000 2.000000 2.000000 2.000000 2.000000 2.000000 2.000000 2.000000 2.000000 2.000000 2.000000 2.000000 2.000000 2.000000 2.000000 2.000000 2.000000 2.000000 2.000000 2.000000 4.000000 ]
