01.000000000000000000
01.000000000000000000
01.000000000000000000
01.000000000000000000
01.000000000000000000
01.000000000000000000
01.000000000000000000
01.000000000000000000
01.000000000000000000
01.000000000000000000
01.000000000000000000
01.000000000000000000
01.000000000000000000
01.000000000000000000
01.000000000000000000
01.000000000000000000
01.000000000000000000
01.000000000000000000
01.000000000000000000
01.000000000000000000
01.000000000000000000
01.000000000000000000
01.000000000000000000
01.000000000000000000
01.000000000000000000
01.000000000000000000
01.000000000000000000
01.000000000000000000
01.000000000000000000
01.000000000000000000
01.000000000000000000
01.000000000000000000
01.000000000000000000
01.000000000000000000
01.000000000000000000
01.000000000000000000
01.000000000000000000
01.000000000000000000
01.000000000000000000
01.000000000000000000
01.000000000000000000
01.000000000000000000
01.000000000000000000
01.000000000000000000
01.000000000000000000
01.000000000000000000
01.000000000000000000
01.000000000000000000
01.000000000000000000
01.000000000000000000
01.000000000000000000
01.000000000000000000
01.000000000000000000
01.000000000000000000
01.000000000000000000
01.000000000000000000
01.000000000000000000
01.000000000000000000
01.000000000000000000
01.000000000000000000
01.000000000000000000
01.000000000000000000
01.000000000000000000
01.000000000000000000
01.000000000000000000
01.000000000000000000
01.000000000000000000
01.000000000000000000
01.000000000000000000
01.000000000000000000
01.000000000000000000
01.000000000000000000
01.000000000000000000
01.000000000000000000
01.000000000000000000
01.000000000000000000
01.000000000000000000
01.000000000000000000
01.000000000000000000
01.000000000000000000
01.000000000000000000
01.000000000000000000
01.000000000000000000
01.000000000000000000
01.000000000000000000
01.000000000000000000
01.000000000000000000
01.000000000000000000
01.000000000000000000
01.000000000000000000
01.000000000000000000
01.000000000000000000
01.000000000000000000
01.000000000000000000
01.000000000000000000
01.000000000000000000
01.000000000000000000
01.000000000000000000
01.000000000000000000
01.000000000000000000
01.000000000000000000
01.000000000000000000
01.000000000000000000
01.000000000000000000
01.000000000000000000
01.000000000000000000
01.000000000000000000
01.000000000000000000
01.000000000000000000
01.000000000000000000
01.000000000000000000
01.000000000000000000
01.000000000000000000
01.000000000000000000
01.000000000000000000
01.000000000000000000
01.000000000000000000
01.000000000000000000
01.000000000000000000
01.000000000000000000
01.000000000000000000
01.000000000000000000
01.000000000000000000
01.000000000000000000
01.000000000000000000
01.000000000000000000
01.000000000000000000
01.000000000000000000
01.000000000000000000
01.000000000000000000
01.000000000000000000
01.000000000000000000
01.000000000000000000
01.000000000000000000
01.000000000000000000
01.000000000000000000
01.000000000000000000
01.000000000000000000
01.000000000000000000
01.000000000000000000
01.000000000000000000
01.000000000000000000
01.000000000000000000
01.000000000000000000
01.000000000000000000
01.000000000000000000
01.000000000000000000
01.000000000000000000
01.000000000000000000
01.000000000000000000
01.000000000000000000
01.000000000000000000
01.000000000000000000
01.000000000000000000
01.000000000000000000
01.000000000000000000
01.000000000000000000
01.000000000000000000
01.000000000000000000
01.000000000000000000
01.000000000000000000
01.000000000000000000
01.000000000000000000
01.000000000000000000
01.000000000000000000
01.000000000000000000
01.000000000000000000
01.000000000000000000
01.000000000000000000
01.000000000000000000
01.000000000000000000
01.000000000000000000
01.000000000000000000
01.000000000000000000
01.000000000000000000
01.000000000000000000
01.000000000000000000
01.000000000000000000
01.000000000000000000
01.000000000000000000
01.000000000000000000
01.000000000000000000
01.000000000000000000
01.000000000000000000
01.000000000000000000
01.000000000000000000
01.000000000000000000
01.000000000000000000
01.000000000000000000
01.000000000000000000
01.000000000000000000
01.000000000000000000
01.000000000000000000
01.000000000000000000
01.000000000000000000
01.000000000000000000
01.000000000000000000
01.000000000000000000
01.000000000000000000
01.000000000000000000
01.000000000000000000
01.000000000000000000
01.000000000000000000
01.000000000000000000
01.000000000000000000
01.000000000000000000
01.000000000000000000
01.000000000000000000
01.000000000000000000
01.000000000000000000
01.000000000000000000
01.000000000000000000
01.000000000000000000
01.000000000000000000
01.000000000000000000
01.000000000000000000
01.000000000000000000
01.000000000000000000
01.000000000000000000
01.000000000000000000
01.000000000000000000
01.000000000000000000
01.000000000000000000
01.000000000000000000
01.000000000000000000
01.000000000000000000
01.000000000000000000
01.000000000000000000
01.000000000000000000
01.000000000000000000
01.000000000000000000
01.000000000000000000
01.000000000000000000
01.000000000000000000
01.000000000000000000
01.000000000000000000
01.000000000000000000
01.000000000000000000
01.000000000000000000
01.000000000000000000
03.000000000000000000
03.000000000000000000
03.000000000000000000
03.000000000000000000
03.000000000000000000
03.000000000000000000
03.000000000000000000
03.000000000000000000
03.000000000000000000
03.000000000000000000
03.000000000000000000
03.000000000000000000
05.000000000000000000
03.006106888046323089
02.425316133123586404
02.227674719121025770
02.153724108124633219
02.130635065888666357
02.138813181030015720
02.181524960155738047
02.288262429347448279
02.557817218405197046
03.337094354791993123
06.000000000000000000
05.000000000000000000
03.011891882787561148
02.293157807370955314
02.008180594281405273
01.890963907437911651
01.852910737616645820
01.867634035019738237
01.939984411166919109
02.109793885155478943
02.494874514110262176
03.438604359089312279
06.000000000000000000
05.000000000000000000
03.017100707136803450
02.265051542315627220
01.947901708502638662
01.810673934238092420
01.765255697483721908
01.784499098375859738
01.873627772945581027
02.073564432180319272
02.499863112553862177
03.476203517246427399
06.000000000000000000
05.000000000000000000
03.021584392462858926
02.262585379164121946
01.935117823185316999
01.790156058365900194
01.741965740428556009
01.764055747793859652
01.861528635468563841
02.074091777162117900
02.513276930871453541
03.493312878478316730
06.000000000000000000
05.000000000000000000
03.025300715878633806
02.266228220949537686
01.936408946238321604
01.789214821165963976
01.740455890130850003
01.764237616236999484
01.865438230139739639
02.082585559648116647
02.524731862850237096
03.502526388370885257
06.000000000000000000
05.000000000000000000
03.028291898808966653
02.270795811178969892
01.941304358110201633
01.794047744036816994
01.745580808207114698
01.770329609883194211
01.872984096541918220
02.091339490992091044
02.533235508283083082
03.508099513782445555
06.000000000000000000
05.000000000000000000
03.030655312792232436
02.274920048217911717
01.946500799126129833
01.799893327931763487
01.751952810182386244
01.777235623868071990
01.880305712492680081
02.098576569932645963
02.539363192319601392
03.511725862715819435
06.000000000000000000
05.000000000000000000
03.032519523144110440
02.278349786240612573
01.951082369039571551
01.805260945204202772
01.757834255061067941
01.783394690195902799
01.886433483046218385
02.104190687805626236
02.543783779594140260
03.514201085778160039
06.000000000000000000
05.000000000000000000
03.034032620654288248
02.281199161438433265
01.954984458745370191
01.809901056357365645
01.762903087701822358
01.788581332271580449
01.891394486061919844
02.108524486728955427
02.547042458424843669
03.515963805028774036
06.000000000000000000
05.000000000000000000
03.035367614092606470
02.283740254801601477
01.958500180935077273
01.814093950926207954
01.767441293506268662
01.793119538076026087
01.895587380630762597
02.112040208918661843
02.549583551788011881
03.517298798467091814
06.000000000000000000
05.000000000000000000
03.036752718017163399
02.286392261453826347
01.962184484950128649
01.818476294407105565
01.772122687025385224
01.797683122160220082
01.899648832249120955
02.115292803716183112
02.551826254807353589
03.518434280651212998
06.000000000000000000
05.000000000000000000
03.038546274515507850
02.289845330331316653
01.966998206553768336
01.824188280296078268
01.778158272570218967
01.803441086255904713
01.904600664856994863
02.119073977360284466
02.554288474433006328
03.519616824439094405
06.000000000000000000
05.000000000000000000
03.041408956229227467
02.295392982753101219
01.974764080781286069
01.833405162310762782
01.787857468921961512
01.812606270598040803
01.912341514815864008
02.124799213663175479
02.557832679857214853
03.521216571202706813
06.000000000000000000
05.000000000000000000
03.046721504386101120
02.305753866471806912
01.989296090414018003
01.850648872528920963
01.806011405793221059
01.829793131899370318
01.926872281502696849
02.135472703823813490
02.564257508372506766
03.523947176878353016
06.000000000000000000
05.000000000000000000
03.057704736748804830
02.327255438055230830
02.019300219844717414
01.886058390175406885
01.843297910448357557
01.865387917813660978
01.957430967278070311
02.158274173821518538
02.577946989762562868
03.529433222764261302
06.000000000000000000
05.000000000000000000
03.082806435921440880
02.376271389812023127
02.086469349709348275
01.964149351003447563
01.925243328634109297
01.944486729526246904
02.027103189710936615
02.212132073387028885
02.611082960050258084
03.541909246031065717
06.000000000000000000
05.000000000000000000
03.147321855871221263
02.500339908718518966
02.250216889538993126
02.149446214563757618
02.118009939513996631
02.132733236917089048
02.198466718292764188
02.351830180413066795
02.702056615457825828
03.574034332172972395
06.000000000000000000
05.000000000000000000
03.338421357736224504
02.854489789291406510
02.689979896115563207
02.628764205606632487
02.610285942157425598
02.618464057298774517
02.656565057637737759
02.750567606341985272
02.986990874573017152
03.669408824481894982
06.000000000000000000
04.000000000000000000
04.000000000000000000
04.000000000000000000
04.000000000000000000
04.000000000000000000
04.000000000000000000
04.000000000000000000
04.000000000000000000
04.000000000000000000
04.000000000000000000
04.000000000000000000
04.000000000000000000
03.000000000000000000
03.000000000000000000
03.000000000000000000
03.000000000000000000
03.000000000000000000
03.000000000000000000
03.000000000000000000
03.000000000000000000
03.000000000000000000
03.000000000000000000
03.000000000000000000
03.000000000000000000
05.000000000000000000
03.599517184669188463
03.025118335336899111
02.779052472019155839
02.673341765760464117
02.638657057021611685
02.653379719493399680
02.722360564475819089
02.880663525790135182
03.226832982160454666
04.026228434802127332
06.000000000000000000
05.000000000000000000
03.755151366017099424
03.048824232411599500
02.689829312078465762
02.520828350689069186
02.463557111364199859
02.490178184830952102
02.607860125113008909
02.862521453384032188
03.363486087470639152
04.323619262334901236
06.000000000000000000
05.000000000000000000
03.804319014369912821
03.070029180754361153
02.669037117827891326
02.470549512777136858
02.402337020124386768
02.437273699978670827
02.582973384818392670
02.884660865639871119
03.441724864449087651
04.425683374971058903
06.000000000000000000
05.000000000000000000
03.824832691642414684
03.088131210337616839
02.674494862370878412
02.464975103674957868
02.392971274460872433
02.433203643533162097
02.592969415986349002
02.914435196838876418
03.488262939011238739
04.468183615239788686
06.000000000000000000
05.000000000000000000
03.836074999321855472
03.102998514032717647
02.687594995673004750
02.475431797880322637
02.403054691018429612
02.446464582089661555
02.612505052511527648
02.940918630376005538
03.517486914988121161
04.489389341596098149
06.000000000000000000
05.000000000000000000
03.843426698321612545
03.114850033490603298
02.701218692710853464
02.489672328115183131
02.418199585863331613
02.463440334841314527
02.631870794993531160
02.961801160497913532
03.536698778367337592
04.501536525648307752
06.000000000000000000
05.000000000000000000
03.848667928174799524
03.124115754799154487
02.713058848008861101
02.503107216746791597
02.432815500352194960
02.479073607458901485
02.648114136377332173
02.977514606923863827
03.549754713148245866
04.509158968464562989
06.000000000000000000
05.000000000000000000
03.852574665572066070
03.131327994231131395
02.722726755004869492
02.514453728923043752
02.445234063445590689
02.492023547618833490
02.660914480250869740
02.989154458492285560
03.558855743072865341
04.514228379760911736
06.000000000000000000
05.000000000000000000
03.855618978014385689
03.137065680831158776
02.730590892510442291
02.523809154553714240
02.455450921245408757
02.502466559250318134
02.670885587586440568
02.997846111338881681
03.565377074300487337
04.517750108191369129
06.000000000000000000
05.000000000000000000
03.858190116562253191
03.141961050665550204
02.737366112059072432
02.531891665597659546
02.464200490347730810
02.511216128352640187
02.678968098630385430
03.004621330887511377
03.570272444134877876
04.520321246739237075
06.000000000000000000
05.000000000000000000
03.860706771363213718
03.146783782366750160
02.744072163228171490
02.539871842743871788
02.472722008350889844
02.519511492524132645
02.686332594071698665
03.010499866715587114
03.574311531208484549
04.522360485552059828
06.000000000000000000
05.000000000000000000
03.863740277141429758
03.152643486421796926
02.752266887742805590
02.549608116006000014
02.482990191046300588
02.529248298153007557
02.694615035636540146
03.016722646657809204
03.578282444770888748
04.524231317431193666
06.000000000000000000
05.000000000000000000
03.868222751220744104
03.161410402492885741
02.764644942769249880
02.564359942736965436
02.498473733832077492
02.543714482810060407
02.706558409615313465
03.025227410556309948
03.583259147369620479
04.526332578547440200
06.000000000000000000
05.000000000000000000
03.875839545467686609
03.176582716786809701
02.786323722730296382
02.590342937759473774
02.525799443560075463
02.569209334631307851
02.727416192390678784
03.039647357433297614
03.591071117742213215
04.529153887741930617
06.000000000000000000
05.000000000000000000
03.889760965476331211
03.205108672756642907
02.827569535152838043
02.639974049420547697
02.578196428128045614
02.618428797200335278
02.767968361731938831
03.067509869620834717
03.605240401430265251
04.533111889073704326
06.000000000000000000
05.000000000000000000
03.915785626752378068
03.261227349781634199
02.909535459086483922
02.738469865634009182
02.682376835154985262
02.717313515009269764
02.850893737675264106
03.125159206898464159
03.632923033476360697
04.537149987353525482
06.000000000000000000
05.000000000000000000
03.962530668884336027
03.374060453942848259
03.075514589394577669
02.936076878087415576
02.890938504491369354
02.917559577958121153
03.023108652511355743
03.248206730700143652
03.688722309001887911
04.530998565202137840
06.000000000000000000
05.000000000000000000
04.028801306191120091
03.598360314023086648
03.406635986876204836
03.323147001465284855
03.296775415643459439
03.311498078115247878
03.372165800180639383
03.508247040647184622
03.800074960846643535
04.455512556324058515
06.000000000000000000
04.000000000000000000
04.000000000000000000
04.000000000000000000
04.000000000000000000
04.000000000000000000
04.000000000000000000
04.000000000000000000
04.000000000000000000
04.000000000000000000
04.000000000000000000
04.000000000000000000
04.000000000000000000
03.000000000000000000
03.000000000000000000
03.000000000000000000
03.000000000000000000
03.000000000000000000
03.000000000000000000
03.000000000000000000
03.000000000000000000
03.000000000000000000
03.000000000000000000
03.000000000000000000
03.000000000000000000
05.000000000000000000
03.810891433100257686
03.298316460917293025
03.058793093485489667
02.948321087409926378
02.911608112809878524
02.930848774159143133
03.011267567963036296
03.184446159337627424
03.533119134805319916
04.269988946038030697
06.000000000000000000
05.000000000000000000
04.066681241856222151
03.460283759440846207
03.113925904251409360
02.937779026994890241
02.877574482342680984
02.912507605377679720
03.050193344899275516
03.329537110011739021
03.831967888010451073
04.688038721259643715
06.000000000000000000
05.000000000000000000
04.159277133124436254
03.545727316446499966
03.162697693280113853
02.956985677279616365
02.886090755405572583
02.932126831827747804
03.102988645892961639
03.434025541506786627
03.989308263740582561
04.844846046710514997
06.000000000000000000
05.000000000000000000
04.199502244814404150
03.595028185624856931
03.203764608898974853
02.988235144024760981
02.914454773018901879
02.967650509198614284
03.155158725297837918
03.507359389228659641
04.075651801535346230
04.913068951259319306
06.000000000000000000
05.000000000000000000
04.220629147402367387
03.626527408714089518
03.236996279637474938
03.020460985342717120
02.947397202623737389
03.004938392321955032
03.199750937371852899
03.558677196812876087
04.126335888114810224
04.947340475157939288
06.000000000000000000
05.000000000000000000
04.233515206978506917
03.648156455222140604
03.263084616205000899
03.048740751063563348
02.977584790941037340
03.037654825869715580
03.235091965281822635
03.594717890323391174
04.157989761502894233
04.966712540803607467
06.000000000000000000
05.000000000000000000
04.242154404577797244
03.663633751502778590
03.283149862173432521
03.071717723425784641
03.002555596880567723
03.064042443812164063
03.261973944205427856
03.620152820026640850
04.178701271174388054
04.978627719146683006
06.000000000000000000
05.000000000000000000
04.248287350662878659
03.675004010058428250
03.298458926483216036
03.089728410915594026
03.022247841965027604
03.084479367470658762
03.282020022099394918
03.638217588656348145
04.192704958680169014
04.986378283784924648
06.000000000000000000
05.000000000000000000
04.252852695166205343
03.683618676429453842
03.310280883252425976
03.103801661349882224
03.037612421944122065
03.100162157709977162
03.296958975346765186
03.651201663818389065
04.202418473620237904
04.991612187516631494
06.000000000000000000
05.000000000000000000
04.256489125260043416
03.690544809035022578
03.319870901716713618
03.115246442131649030
03.050004439830544811
03.112554175596399464
03.308403756128531992
03.660791682282676707
04.209344606225805308
04.995248617610470454
06.000000000000000000
05.000000000000000000
04.259750202166770805
03.696800805037363968
03.328579307320799430
03.125613657643510290
03.061066202228591493
03.123297727734223539
03.317905268827310739
03.668337969493931094
04.214501753659104288
04.997841135288816794
06.000000000000000000
05.000000000000000000
04.263245800407511332
03.703586284884089253
03.338111547298316939
03.136953120013781682
03.072975190466954221
03.134462037398549672
03.327209340793425341
03.675114505151525268
04.218653804555698272
04.999719114976396206
06.000000000000000000
05.000000000000000000
04.267782373583602684
03.712597182912457772
03.351011514029210048
03.152413278175228317
03.089089978781533130
03.149160013710211814
03.338764492393487604
03.682644788147600767
04.222430489193211400
05.000979707408703234
06.000000000000000000
05.000000000000000000
04.274492733409234191
03.726486673470846611
03.371500327139017816
03.177351901636262355
03.115174778148596335
03.172715967846814422
03.356641853665397690
03.693181244314418965
04.226295152871566430
05.001204061164806092
06.000000000000000000
05.000000000000000000
04.284748396316133245
03.749448086862603891
03.406841455773799598
03.221212840578690617
03.161484089079464876
03.214679825259176837
03.388136421851767555
03.710436236103484831
04.230071702773093634
04.998315102761048401
06.000000000000000000
05.000000000000000000
04.298870060054119868
03.787526916854357051
03.469254308250866448
03.300262010801882528
03.245791907822410227
03.291827984244585448
03.446264979415227803
03.740582156477538778
04.231107864148440534
04.984438973640198611
06.000000000000000000
05.000000000000000000
04.309543598802616060
03.847020914929542457
03.577443971483087015
03.440006823257007795
03.395987730204061972
03.430920853239059820
03.552421141161392626
03.793055177243417120
04.218705043499146434
04.930901078206036736
06.000000000000000000
05.000000000000000000
04.273662244477594463
03.926494337396644330
03.753261432273640619
03.671167923080021822
03.645368842483956318
03.664609503833220483
03.734114403633131740
03.878914498125778376
04.161297011284671221
04.732759757415367474
06.000000000000000000
04.000000000000000000
04.000000000000000000
04.000000000000000000
04.000000000000000000
04.000000000000000000
04.000000000000000000
04.000000000000000000
04.000000000000000000
04.000000000000000000
04.000000000000000000
04.000000000000000000
04.000000000000000000
03.000000000000000000
03.000000000000000000
03.000000000000000000
03.000000000000000000
03.000000000000000000
03.000000000000000000
03.000000000000000000
03.000000000000000000
03.000000000000000000
03.000000000000000000
03.000000000000000000
03.000000000000000000
05.000000000000000000
03.901074100845789427
03.435273452464874921
03.213787497039734209
03.109180702959849274
03.075091894030887119
03.097174274339675293
03.180532787246927118
03.352734537174464347
03.685940195614015646
04.372787807248394998
06.000000000000000000
05.000000000000000000
04.214958024740036002
03.689137516504513048
03.375444787214828768
03.210569981603997647
03.155570630809414912
03.195790395643231196
03.338530425598325024
03.615340635794103807
04.089228233404334389
04.858284513082966605
06.000000000000000000
05.000000000000000000
04.340128275290288329
03.828382217157101142
03.488610705710877280
03.298806917682499673
03.235508689223973722
03.288692765376011184
03.465699163044185571
03.792164315792089457
04.308967867105437222
05.053672356149366607
06.000000000000000000
05.000000000000000000
04.398143810838022638
03.908238627844884405
03.567543088944923557
03.371667589360278328
03.307537151010439214
03.369174149809184726
03.563131495685771810
03.908615693106801459
04.431297883270589821
05.143289388472361168
06.000000000000000000
05.000000000000000000
04.429230446041942493
03.957419606297736703
03.623429949826345364
03.429437090051255410
03.367668116139727719
03.434490905208223754
03.635606845595095837
03.985865595740877065
04.502933156077559396
05.189611694454400848
06.000000000000000000
05.000000000000000000
04.447948793264464129
03.989677065329226391
03.663529803862215939
03.473876978938049476
03.415262255146020554
03.485132584530683086
03.688536544465274236
04.037878884183344397
04.547121826424338487
05.216005183619471630
06.000000000000000000
05.000000000000000000
04.460162170613886978
04.011793447220153297
03.692539890621998833
03.507351071669560394
03.451633351367440650
03.523225485129070744
03.726749096129152505
04.073386529742154316
04.575549380211969996
05.232155410035262300
06.000000000000000000
05.000000000000000000
04.468557771623555830
04.027421274491937986
03.713671384019744171
03.532273722574164054
03.478864456102256586
03.551367554968444029
03.754159180694510045
04.097879701674174591
04.594382623802577115
05.242516089823083369
06.000000000000000000
05.000000000000000000
04.474562487090678609
04.038766579520162381
03.729261981824228744
03.550848187801339151
03.499138841371117081
03.572032879936239080
03.773796469142741028
04.114895248753597023
04.607073277784098586
05.249338282946714784
06.000000000000000000
05.000000000000000000
04.479058729359594260
04.047333493207512234
03.741129230136897466
03.565016231685473880
03.514482996543439430
03.587377035108561873
03.787964513026875313
04.126762497066263968
04.615640191471448439
05.253834525215629547
06.000000000000000000
05.000000000000000000
04.482682070023594534
04.054291872789443474
03.750825020413154576
03.576560814500279406
03.526785212792443058
03.599288311658630946
03.798446272620625397
04.135033338067583664
04.621253222100080826
05.256640388223122073
06.000000000000000000
05.000000000000000000
04.485961698702194411
04.060701928967712426
03.759882991741521518
03.587343044579206719
03.538018952131437356
03.609611085893067894
03.806741069038798386
04.140729630861675226
04.624457861959528238
05.257954938123569733
06.000000000000000000
05.000000000000000000
04.489367565600249854
04.067669659715847708
03.770106166364261657
03.599690457178506886
03.550670823615752258
03.620541153000414791
03.814350022705732091
04.144455246685389227
04.625114420810960247
05.257423955955256467
06.000000000000000000
05.000000000000000000
04.493183033275880867
04.076378465717392707
03.783893579128468687
03.616966077290996839
03.568414631099642076
03.635237420168138112
03.823135832834838155
04.146329225042999944
04.621892015497215844
05.253564281688340110
06.000000000000000000
05.000000000000000000
04.496824008502365189
04.087714016416313711
03.804492634601198020
03.644287164498617670
03.597030177855641941
03.658667176654388342
03.835751070824111597
04.145565238763076366
04.610773271842020016
05.241969586136703718
06.000000000000000000
05.000000000000000000
04.496318004326513851
04.100688271260055195
03.835799685216926047
03.689103547338774103
03.645279941144899727
03.698464017296937190
03.855995792700460445
04.139353295298138669
04.581273921208391720
05.209862085185592129
06.000000000000000000
05.000000000000000000
04.475657023923229616
04.107976025718442337
03.880891565620170791
03.760650065923645258
03.724583555632358767
03.764803320466174608
03.888610509917972191
04.120787414199444498
04.508066742618263234
05.118983512266160218
06.000000000000000000
05.000000000000000000
04.377377286037393844
04.087127554291016374
03.938478402854573179
03.866008243253852950
03.844526487445847795
03.866608867754635526
03.937360327540929905
04.077425442989301985
04.337794297440155766
04.849090992439999859
06.000000000000000000
04.000000000000000000
04.000000000000000000
04.000000000000000000
04.000000000000000000
04.000000000000000000
04.000000000000000000
04.000000000000000000
04.000000000000000000
04.000000000000000000
04.000000000000000000
04.000000000000000000
04.000000000000000000
03.000000000000000000
03.000000000000000000
03.000000000000000000
03.000000000000000000
03.000000000000000000
03.000000000000000000
03.000000000000000000
03.000000000000000000
03.000000000000000000
03.000000000000000000
03.000000000000000000
03.000000000000000000
05.000000000000000000
03.945629439947351713
03.509915702915621605
03.304858492247734869
03.208307414303172234
03.178098917371073195
03.201863090315882232
03.284483632724356283
03.450973066376034293
03.768362093816206571
04.422820975025502754
06.000000000000000000
05.000000000000000000
04.293334164753852100
03.821647981672910976
03.538265839078925890
03.388598210909680386
03.341021588902787443
03.384399961901217058
03.525586727042449464
03.791478062556552064
04.236033560850377633
04.946587192513577591
06.000000000000000000
05.000000000000000000
04.440898576236597783
04.000158984208249002
03.701177307958161578
03.532372877270414602
03.479481350763286684
03.536984859920326851
03.711561511018813153
04.022724989603125856
04.499844473763480401
05.167536550706931742
06.000000000000000000
05.000000000000000000
04.512912243161875558
04.105119738025350351
03.812629243240327259
03.642155980305082696
03.590786544559070759
03.657579108982632832
03.848244447194881790
04.174957951619156837
04.650534531124289828
05.273234571498198520
06.000000000000000000
05.000000000000000000
04.552618064698623179
04.170056118159258141
03.889347039999127897
03.723964199299882427
03.676721341536263399
03.749262686827133706
03.946311131249818249
04.275175344690203438
04.740008336259921684
05.329478893349929081
06.000000000000000000
05.000000000000000000
04.576675154187046068
04.212221906266960580
03.942774660566349620
03.784001393881819553
03.741184417410183372
03.817132309362120779
04.015820675064145640
04.341849640129312071
04.795382564797310287
05.361997122912391056
06.000000000000000000
05.000000000000000000
04.592234038768567395
04.240618447044187000
03.980345530070065863
03.827603599435708048
03.788568475679637615
03.866455231185007779
04.064752049143192991
04.386711470122846457
04.830840921606339045
05.381949747884018365
06.000000000000000000
05.000000000000000000
04.602730505204193356
04.260221584582753351
04.006947151298477117
03.859046119452759438
03.822910076462876727
03.901828739066564911
04.099009872995598158
04.417112125226561048
04.854059872084094174
05.394659338979368890
06.000000000000000000
05.000000000000000000
04.610008796955457733
04.273989425693687672
04.025891081792048354
03.881633468915078211
03.847561189384899993
03.926924434459959645
04.122805146161476308
04.437673794406669536
04.869353126713297009
05.402863516388940468
06.000000000000000000
05.000000000000000000
04.615156583732287210
04.283800925772825785
04.039487856540292299
03.897872095511165202
03.865151390840821488
03.944514635915879808
04.139043772757562856
04.451270569154914369
04.879164626792435122
05.408011303165771722
06.000000000000000000
05.000000000000000000
04.618852086900980147
04.290904666068137807
04.049393992428413469
03.909665194920977527
03.877696258715489730
03.956614921319178801
04.149628948463816691
04.459558966356497400
04.884742953569479518
05.410780920676155681
06.000000000000000000
05.000000000000000000
04.621496005821139619
04.296125848329506169
04.056832779052460758
03.918515780527094261
03.886782805092758419
03.964669560598127251
04.155664230234578760
04.463198719105240464
04.886348322891657325
05.411211714936590589
06.000000000000000000
05.000000000000000000
04.623185554707878175
04.299892773323759521
04.062719001637795202
03.925734978931551655
03.893810356428278663
03.969758248380216514
04.157554260113877298
04.461793981200758097
04.883053431854108339
05.408507523433222275
06.000000000000000000
05.000000000000000000
04.623422666592410302
04.301985948108545621
04.067639163499362276
03.932637890595241714
03.900282626926212526
03.972823972217082389
04.154984822545176648
04.453467468190438261
04.871938166209209164
05.400283495243715315
06.000000000000000000
05.000000000000000000
04.620139780657706474
04.300677100096806704
04.071529480422605651
03.940660503351092192
03.908120884331928835
03.974913448755490464
04.146748970240891730
04.433858188801434785
04.846091893195745293
05.380462108994027659
06.000000000000000000
05.000000000000000000
04.606767588138382941
04.290520019037244559
04.072779210017718476
03.951244893682423598
03.919864848678567881
03.977368357835607160
04.130433527430821705
04.394326891662682755
04.790205508592475958
05.333405562608716899
06.000000000000000000
05.000000000000000000
04.563340847358287711
04.257648359745281219
04.066647313594295099
03.965287930320453569
03.938409759389241760
03.981788132387670931
04.102276446453222647
04.319859537071921274
04.672033938922747431
05.216593875118013202
06.000000000000000000
05.000000000000000000
04.428128057947769314
04.173036398642127942
04.044416339951955486
03.982231276565952438
03.965682702589270914
03.989446875534078618
04.058407494987136488
04.190530914080255798
04.431482789542713796
04.905319593025919467
06.000000000000000000
04.000000000000000000
04.000000000000000000
04.000000000000000000
04.000000000000000000
04.000000000000000000
04.000000000000000000
04.000000000000000000
04.000000000000000000
04.000000000000000000
04.000000000000000000
04.000000000000000000
04.000000000000000000
03.000000000000000000
03.000000000000000000
03.000000000000000000
03.000000000000000000
03.000000000000000000
03.000000000000000000
03.000000000000000000
03.000000000000000000
03.000000000000000000
03.000000000000000000
03.000000000000000000
03.000000000000000000
05.000000000000000000
03.969817367601010449
03.552784704350872236
03.359852821658462219
03.270285705185929093
03.243590891091030937
03.268303155555732697
03.349123736183031497
03.509758482863931217
03.815104700124281933
04.449553501796772892
06.000000000000000000
05.000000000000000000
04.337590476105173565
03.900456423677880924
03.639798386547905107
03.503374739838896801
03.462508487296024118
03.507681184973717503
03.645390078706651327
03.900139703509112987
04.322082212097732246
04.995567161639329790
06.000000000000000000
05.000000000000000000
04.499912623812588386
04.105752312369168600
03.837855857385827019
03.687423375161035466
03.643919742263755257
03.703900732941864948
03.873534955019446002
04.169173540366775121
04.615293808198483561
05.232935685174443741
06.000000000000000000
05.000000000000000000
04.582054869747029358
04.229336125107935551
03.974084884800088702
03.825911803922327437
03.786028368599209326
03.855806093643186827
04.040322115121363744
04.348105617088156905
04.786477190145839167
05.349929847594403043
06.000000000000000000
05.000000000000000000
04.628465952428135743
04.306741254779840489
04.067604741092003096
03.927390269304535053
03.893194510873490444
03.969073864566439180
04.159025011340826694
04.466436484497664949
04.889676794764837631
05.413653378712051101
06.000000000000000000
05.000000000000000000
04.656885445785550637
04.357094199339342389
04.132184678680518530
04.000601488676605477
03.971946503689007368
04.051464164607602392
04.242339703935038564
04.545111744568356649
04.954042165679387821
05.451023919139232454
06.000000000000000000
05.000000000000000000
04.675250842669385953
04.390795289420256431
04.177042780898312380
04.052872852025386052
04.028766801395138764
04.110367093563863428
04.300330174038326625
04.597781400887503978
04.995294064413497104
05.474078852041171395
06.000000000000000000
05.000000000000000000
04.687514277783027872
04.413755155734994773
04.208283944000165810
04.089861783220005265
04.069157663626502774
04.151871598103744176
04.340355484169425182
04.633115301268138531
05.022144031007354847
05.488720533010474689
06.000000000000000000
05.000000000000000000
04.695829423300676098
04.429499408797611615
04.229970210847230128
04.115736073529373762
04.097393667254315197
04.180588913076494606
04.367536879390713445
04.656550694849440397
05.039535992268116438
05.498034984781980938
06.000000000000000000
05.000000000000000000
04.701436659548046570
04.440189292048146719
04.244788924762509019
04.133438992206067475
04.116573124334691691
04.199768370156871100
04.385239798067407158
04.671369408764719289
05.050225875518651542
05.503642221029352299
06.000000000000000000
05.000000000000000000
04.705032570383160362
04.447107113521057364
04.254441097425167406
04.144924479079270085
04.128765067506249942
04.211479001983492232
04.395418180028690891
04.679272454693140126
05.055495988793416551
05.506238825610606291
06.000000000000000000
05.000000000000000000
04.706892909628530575
04.450845659869385962
04.259837024409237394
04.151329354123284965
04.135160784537954548
04.216761076706679212
04.398786676136226426
04.680575644398428103
05.055344434862626635
05.505720919000315128
06.000000000000000000
05.000000000000000000
04.706803062620982026
04.451256753222534002
04.261121177747011934
04.153070246718479019
04.136198559969726851
04.215716220888321430
04.394808461976912106
04.674048243634850941
05.048204719562579434
05.500941535974662067
06.000000000000000000
05.000000000000000000
04.703685638780259914
04.447060273888980397
04.257479097362761422
04.149852046291208296
04.131664124219420309
04.207543477912368601
04.381486788327500825
04.656310840768423276
05.029995813873978427
05.488873065064176160
06.000000000000000000
05.000000000000000000
04.694521012529919268
04.434809472621705773
04.246613286663901476
04.140578121797783950
04.120800215220058682
04.190577940264035739
04.354988432996820258
04.620634018951969679
04.991950537659609388
05.462395990377292954
06.000000000000000000
05.000000000000000000
04.671352153415381459
04.406603851486567081
04.223791538459429340
04.123212916214082036
04.102508140065677544
04.162489130743788124
04.309324496072493460
04.555109221440376999
04.916145347315882930
05.404375214777235037
06.000000000000000000
05.000000000000000000
04.612571225880949477
04.345764997164616616
04.180811159498161622
04.094892184427586734
04.075806329116077542
04.120979026793771816
04.236907523295339928
04.441152476459369502
04.767390785584468382
05.270547911415106590
06.000000000000000000
05.000000000000000000
04.455382562214730946
04.221605705255819352
04.107093834076560590
04.053183062831400285
04.040777420502393191
04.065489684967096728
04.132021093828502245
04.256999495282030033
04.483925701029229494
04.935118696410492944
06.000000000000000000
04.000000000000000000
04.000000000000000000
04.000000000000000000
04.000000000000000000
04.000000000000000000
04.000000000000000000
04.000000000000000000
04.000000000000000000
04.000000000000000000
04.000000000000000000
04.000000000000000000
04.000000000000000000
03.000000000000000000
03.000000000000000000
03.000000000000000000
03.000000000000000000
03.000000000000000000
03.000000000000000000
03.000000000000000000
03.000000000000000000
03.000000000000000000
03.000000000000000000
03.000000000000000000
03.000000000000000000
05.000000000000000000
03.983308889409787223
03.577451365654930271
03.392487626325296102
03.307909937657288690
03.283787186579788298
03.308998164551642418
03.388128717241835286
03.544307775675314076
03.841657457639418904
04.464237532826188293
06.000000000000000000
05.000000000000000000
04.362829793457644101
03.946714307074086658
03.701150852747649100
03.574241607980391588
03.538300016324321007
03.584421989543095766
03.718881650051681031
03.965122257226495250
04.371904145611694936
05.023052002851384756
06.000000000000000000
05.000000000000000000
04.534363363759532639
04.169065680262760587
03.922074645106027546
03.784927697139460534
03.748335658184728914
03.809637163177108210
03.974684440134101493
04.258418225511010569
04.683521834047655652
05.270470756208127661
06.000000000000000000
05.000000000000000000
04.623230417519329727
04.305196201282718960
04.075270880770697879
03.943322060893139192
03.911920704895734957
03.983301666951307052
04.162150966685172371
04.455366137278173433
04.868255395399981644
05.394806607683565680
06.000000000000000000
05.000000000000000000
04.674327163873479130
04.391404246252364807
04.180792319629428100
04.058977130670245792
04.034440299477624059
04.112124428883785932
04.295579369310840612
04.586436842096965449
04.980957478286142326
05.463642145909716419
06.000000000000000000
05.000000000000000000
04.705911025586051899
04.447736779441931354
04.253582004499099511
04.141943728290821802
04.123791604417821333
04.205249623049000185
04.389017335968958378
04.673813384494507339
05.051764532172130728
05.504456773069478004
06.000000000000000000
05.000000000000000000
04.726357540443762772
04.485388582470678287
04.303894757593021758
04.200727349315310555
04.187704480346366331
04.271331010708438569
04.453752428640617822
04.732246573693746683
05.097255798626339818
05.529766687925000923
06.000000000000000000
05.000000000000000000
04.739936571199061532
04.510854333511443492
04.338609886373731683
04.241877582974162841
04.232633680228189199
04.317423487950669880
04.498073065175107743
04.771231965212952453
05.126776868034683687
05.545823144549419048
06.000000000000000000
05.000000000000000000
04.749004040336769705
04.528034818389513383
04.362292412148919496
04.270147266185130519
04.263481951777882806
04.348775613623559799
04.527710650013037963
04.796743978595718438
05.145679670645866288
05.555934620428317317
06.000000000000000000
05.000000000000000000
04.754901034155293971
04.539279011995665414
04.377882856503982012
04.288775638266788093
04.283666260462806186
04.368959922308482291
04.546339022094694649
04.812334422950780954
05.156923864252019207
05.561831614246842470
06.000000000000000000
05.000000000000000000
04.758330142761365344
04.545880076871557485
04.387096216599464249
04.299732203413111797
04.295271775374025047
04.380061583096506617
04.555927685614057587
04.819718295438684130
05.161802611394798568
05.564216716111720196
06.000000000000000000
05.000000000000000000
04.759471988376116514
04.548252334086717141
04.390600055991490613
04.303867733716651323
04.299180267573571967
04.382806797935645982
04.556892813041959478
04.818951872092217315
05.160119550242376896
05.562881135857355552
06.000000000000000000
05.000000000000000000
04.757894831165129013
04.545842316809743267
04.387991115155570832
04.300957224165840032
04.295138606135004977
04.376596624766183830
04.548030831843977495
04.808222495150978659
05.149870069539942641
05.556440578648554229
06.000000000000000000
05.000000000000000000
04.752151844488317955
04.536685343598503728
04.377538039255125746
04.289640074030061534
04.281790387823694921
04.359474517229858570
04.526242312670656354
04.783182561722664872
05.126238575632282135
05.541466826524552580
06.000000000000000000
05.000000000000000000
04.738680736285689754
04.516339848689152170
04.355627734970463294
04.267307669639549772
04.256768920710737092
04.328149882766308743
04.486136575431583395
04.735722991477937960
05.079399042806415743
05.510256926449926596
06.000000000000000000
05.000000000000000000
04.708844810918138890
04.475679225775108350
04.315935995030350192
04.230122903944725898
04.217076071924462433
04.278377576916842173
04.419879646939365969
04.652279575435332326
04.990135379560002526
05.444952203366734800
06.000000000000000000
05.000000000000000000
04.640402905605399475
04.396915798555501631
04.248866357297726992
04.173686789499713612
04.160138876054219281
04.206260849272994484
04.318326831571002167
04.512837761776572698
04.822105637093110353
05.300625114999140131
06.000000000000000000
05.000000000000000000
04.470404231504840453
04.249150612973452645
04.143656908510554793
04.095439903170831286
04.085956810373601478
04.111167788345453822
04.175658682755376994
04.295477057860572323
04.513356704957939947
04.951332874921241967
06.000000000000000000
04.000000000000000000
04.000000000000000000
04.000000000000000000
04.000000000000000000
04.000000000000000000
04.000000000000000000
04.000000000000000000
04.000000000000000000
04.000000000000000000
04.000000000000000000
04.000000000000000000
04.000000000000000000
03.000000000000000000
03.000000000000000000
03.000000000000000000
03.000000000000000000
03.000000000000000000
03.000000000000000000
03.000000000000000000
03.000000000000000000
03.000000000000000000
03.000000000000000000
03.000000000000000000
03.000000000000000000
05.000000000000000000
03.990194849106361463
03.590257103120176208
03.409741213942124372
03.328078312083213586
03.305470204344777230
03.330894063589638687
03.408881871221757454
03.562360280409787805
03.855235126727725170
04.471602332800193480
06.000000000000000000
05.000000000000000000
04.375869878555926462
03.970997715869909239
03.733917422457623925
03.612589525837799354
03.579555459922711957
03.626084109936262845
03.758345701272596262
03.999411134009171587
04.397655294096686873
05.037000690802931224
06.000000000000000000
05.000000000000000000
04.552414419713525007
04.202735665810355847
03.967591141442698532
03.838278335709091493
03.805780486941556351
03.867650441701871333
04.029593417736201388
04.306055694267525880
04.719231372797029422
05.289781329612163852
06.000000000000000000
05.000000000000000000
04.645083799709071926
04.346022572600907630
04.130562339000371175
04.008228769933826818
03.981868540954526026
04.053943124018066335
04.228956999919424753
04.513237343992400064
04.911556208675560420
05.418184613319977139
06.000000000000000000
05.000000000000000000
04.698919922802423876
04.437409469652934924
04.243195759639569964
04.132330320181321959
04.113550099695957307
04.192018569610758583
04.371078211296136828
04.651749524673230773
05.029747311997547321
05.489947481633414839
06.000000000000000000
05.000000000000000000
04.732400249065171316
04.497341149321031573
04.320951456179016326
04.221218679624684000
04.209338915045838903
04.291643272452080105
04.470605811587619272
04.744315517865209664
05.104362626341397480
05.532784676942680058
06.000000000000000000
05.000000000000000000
04.754111076883401843
04.537399829637506876
04.374597885047556645
04.283990548728664471
04.277594635219074348
04.362107320364629004
04.539436722771341692
04.806225005606821199
05.152393650254039059
05.559438742149438895
06.000000000000000000
05.000000000000000000
04.768487544741245365
04.564387147352891638
04.411426419174318880
04.327675030451390903
04.325286169577366557
04.410985394795130077
04.586354356493010265
04.847406768634065166
05.183513340485307985
05.576338813264417382
06.000000000000000000
05.000000000000000000
04.777995757527793153
04.582409890772471961
04.436280899893453977
04.357351769344663062
04.357668178533143255
04.443881897524495805
04.617427668989336986
04.874128584048947666
05.203293485578697641
05.586912026383809682
06.000000000000000000
05.000000000000000000
04.784032187007125181
04.593920929117698115
04.452243037515894564
04.376426070114004752
04.378336798910180683
04.464550517901535009
04.636501969758677788
04.890090721671387364
05.214804523923923796
05.592948455863141710
06.000000000000000000
05.000000000000000000
04.787300650825007331
04.600215531953106840
04.461030332336721749
04.386869974906585590
04.389379660970547548
04.475078886188309291
04.645549300948204063
04.897010681796468035
05.219341725085523187
05.595151919348180236
06.000000000000000000
05.000000000000000000
04.787925628254330768
04.601602164836008590
04.463165522196450574
04.389362858964585001
04.391492962674362843
04.476005647819918387
04.644809033007262222
04.894792642755715129
05.216595985452543438
05.593253293520368707
06.000000000000000000
05.000000000000000000
04.785354566011884359
04.597300471636875940
04.457936497774450224
04.383315903805947933
04.384030861285174829
04.466335218691416031
04.632703035768882316
04.881300559460643562
05.204321948657241848
05.585738993889393100
06.000000000000000000
05.000000000000000000
04.777948079711898721
04.584986198439454874
04.443125902907317126
04.366799660876703904
04.365025401417912398
04.443493871332711898
04.605547551991520550
04.851679667940976159
05.177324040784065495
05.568975638542890572
06.000000000000000000
05.000000000000000000
04.761884367216739911
04.559737258839704488
04.414477828465467546
04.336459935899646290
04.331312861990379126
04.403387445053918547
04.557188165885244224
04.797152833457495547
05.125270894914357278
05.534985180827644236
06.000000000000000000
05.000000000000000000
04.728239181860370621
04.511901614663998750
04.364976208800830371
04.287668115563895377
04.279056091623073321
04.340926046383388304
04.478983197591005272
04.703440761625656386
05.028397321650673213
05.465606091759009466
06.000000000000000000
05.000000000000000000
04.654558754585889524
04.423314400996553708
04.284545141040559280
04.215493446535306887
04.205129138640011810
04.251657788653562697
04.361249621970103796
04.550038852592107830
04.849971979223330898
05.315689566832893398
06.000000000000000000
05.000000000000000000
04.477934228948296180
04.263174837609385648
04.162584271513522616
04.117592420476239745
04.109780118492373902
04.135203977737234027
04.198395979614783613
04.315203337981185605
04.528152861216934610
04.959341712642128641
06.000000000000000000
04.000000000000000000
04.000000000000000000
04.000000000000000000
04.000000000000000000
04.000000000000000000
04.000000000000000000
04.000000000000000000
04.000000000000000000
04.000000000000000000
04.000000000000000000
04.000000000000000000
04.000000000000000000
03.000000000000000000
03.000000000000000000
03.000000000000000000
03.000000000000000000
03.000000000000000000
03.000000000000000000
03.000000000000000000
03.000000000000000000
03.000000000000000000
03.000000000000000000
03.000000000000000000
03.000000000000000000
05.000000000000000000
03.992189059962853559
03.594032224983502388
03.414929629952771162
03.334230808747887576
03.312107801838944710
03.337531661083805279
03.415034367886432332
03.567548696420434595
03.859010248591050907
04.473596543656685576
06.000000000000000000
05.000000000000000000
04.379681813203986529
03.978217714895128765
03.743846568283399900
03.624369767948278920
03.592268209988501493
03.638796860002052824
03.770125943383076272
04.009340279834948007
04.404875293121905067
05.040812625450991291
06.000000000000000000
05.000000000000000000
04.557752253079876859
04.212852558594428309
03.981515247121279799
03.854809419325742059
03.823626881626335905
03.885496836386650887
04.046124501352852398
04.319979799946105814
04.729348265581102773
05.295119162978515703
06.000000000000000000
05.000000000000000000
04.651617336463448993
04.358413853271439820
04.147630286793263288
04.028506073665720777
04.003767645643018902
04.075842228706559212
04.249234303651317823
04.530305291785293065
04.923947489346093498
05.424718150074354206
06.000000000000000000
05.000000000000000000
04.706338104755366736
04.451486491924285360
04.262599072087616570
04.155395872543652835
04.138468932960214453
04.216937402875014840
04.394143763658469481
04.671152837121275603
05.043824334268895981
05.497365663586357698
06.000000000000000000
05.000000000000000000
04.740439793130181378
04.512604023263581787
04.342000759214678318
04.246252750597849790
04.236391779792308299
04.318696137198551277
04.495639882560784173
04.765364820900870768
05.119625500283946806
05.540824221007689232
06.000000000000000000
05.000000000000000000
04.762562205143224148
04.553449142916369929
04.396740445918802642
04.310333869838161469
04.306067948577361193
04.390580633722915849
04.565780043880838690
04.828367566478067197
05.168442963532903001
05.567889870409262976
06.000000000000000000
05.000000000000000000
04.777186296740924654
04.580910015241618005
04.434228004096751441
04.354808348999774203
04.354617066053235952
04.440316291270998583
04.613487675041393565
04.870208353556498615
05.200036208374034352
05.585037565264097559
06.000000000000000000
05.000000000000000000
04.786810209228236523
04.599154135293453294
04.459390766132327322
04.384854854090159293
04.387400613598833488
04.473614332590188702
04.644930753734832329
04.897238450287821010
05.220037730099678086
05.595726478084252165
06.000000000000000000
05.000000000000000000
04.792846638707568552
04.610665173638678560
04.475352903754767908
04.403929154859499207
04.408069233975871803
04.494282952967226130
04.664005054504174019
04.913200587910261596
05.231548768444904240
05.601762907563585081
06.000000000000000000
05.000000000000000000
04.795999402824687508
04.616738399841833207
04.483831917259155198
04.414003293454968890
04.418710557446416054
04.504409782664178685
04.672682619496587364
04.919812266718900595
05.235864592974250442
05.603850671347859524
06.000000000000000000
05.000000000000000000
04.796376756514153961
04.617651478114872532
04.485308083067696572
04.415706180074081999
04.419966276032650576
04.504478961178205232
04.671152354116759220
04.916935203626962014
05.232645298731406491
05.601704421780191012
06.000000000000000000
05.000000000000000000
04.793394110076893533
04.612563345579425267
04.478985800810112217
04.408349974779112834
04.411083726031644225
04.493388083437886316
04.657737106742047217
04.902349862496305555
05.219584822599791174
05.593778537954404051
06.000000000000000000
05.000000000000000000
04.785366261664842469
04.599063220710803535
04.462529215355363732
04.389865213239035668
04.389944234682169544
04.468412704596969931
04.628613104353852314
04.871082980389022765
05.191401063055415044
05.576393820495833431
06.000000000000000000
05.000000000000000000
04.768417903971116978
04.572128539510237566
04.431545776258356995
04.356737239631539360
04.353211966678871114
04.425286549742412312
04.577465469617137295
04.814220781250386771
05.137662175584890356
05.541518717582022191
06.000000000000000000
05.000000000000000000
04.733577015226722473
04.522018507448071212
04.378900314479412081
04.304199199180545499
04.296902486307852875
04.358772441068167858
04.495514281207655394
04.717364867304238096
05.038514214434744787
05.470943925125361318
06.000000000000000000
05.000000000000000000
04.658370689233948703
04.430534400021774566
04.294474286866337032
04.227273688645786898
04.217841888705802234
04.264370538719353121
04.373029864080582918
04.559967998417883805
04.857191978248550868
05.319501501480953465
06.000000000000000000
05.000000000000000000
04.479928439804789164
04.266949959472711384
04.167772687524169406
04.123744917140914623
04.116417715986541381
04.141841575231402395
04.204548476279458491
04.320391753991832395
04.531927983080260347
04.961335923498620737
06.000000000000000000
04.000000000000000000
04.000000000000000000
04.000000000000000000
04.000000000000000000
04.000000000000000000
04.000000000000000000
04.000000000000000000
04.000000000000000000
04.000000000000000000
04.000000000000000000
04.000000000000000000
04.000000000000000000
03.000000000000000000
03.000000000000000000
03.000000000000000000
03.000000000000000000
03.000000000000000000
03.000000000000000000
03.000000000000000000
03.000000000000000000
03.000000000000000000
03.000000000000000000
03.000000000000000000
03.000000000000000000
05.000000000000000000
03.989681603825075751
03.589475158777755581
03.408950565201873228
03.327372110945242767
03.304748561009666741
03.329959538981521305
03.407590890529788030
03.560770714551891647
03.853681250762243327
04.470610247241477708
06.000000000000000000
05.000000000000000000
04.374961874535951090
03.969622321570412282
03.732543671357454684
03.611379705003045615
03.578314326449094640
03.624436299667870287
03.756019747074335058
03.996515075836300834
04.394812160108021004
05.035184083929690857
06.000000000000000000
05.000000000000000000
04.551266685856139027
04.201012347373491274
03.965900602262362185
03.836819989439330669
03.804274083817025698
03.865575588809405883
04.026576732433970740
04.302244182667345207
04.715468501158385450
05.287374078304734937
06.000000000000000000
05.000000000000000000
04.643818979141433267
04.344141877885026481
04.128753464436220710
04.006703051192242349
03.980276667173013205
04.051657629228585300
04.225531956984275972
04.508848720943695376
04.907201072002290054
05.415395169305669221
06.000000000000000000
05.000000000000000000
04.697605652314176261
04.435470282103415762
04.241359216476691785
04.130806731788143615
04.111940407362902228
04.189624536769065877
04.367408970428738435
04.647003738944229134
05.025023514137193281
05.486920634350411774
06.000000000000000000
05.000000000000000000
04.731057149298561804
04.495364591732395887
04.319088329697033934
04.219676025003168185
04.207687843236324277
04.289145861867501353
04.466749632681305648
04.739319709692440874
05.099392344462594373
05.529602896781987020
06.000000000000000000
05.000000000000000000
04.752729468963804216
04.535357491690204412
04.372653560778753778
04.282352628564408903
04.275823040200273262
04.359449570562345500
04.535377707889717058
04.801005376879479591
05.147224707845864167
05.556138616445042366
06.000000000000000000
05.000000000000000000
04.767041123316931639
04.562223845306466963
04.409317024031884635
04.325837530490187710
04.323286091152017896
04.408075898874497689
04.582033012691131724
04.841939102871105405
05.178146379829708046
05.572927696667288266
06.000000000000000000
05.000000000000000000
04.776449538602296485
04.580056524279591201
04.433907482551530777
04.355195916705183912
04.355316415729739710
04.440610077575416703
04.612759300533091356
04.868359048998329719
05.197701376535944995
05.583380118693844985
06.000000000000000000
05.000000000000000000
04.782346532420821639
04.591300717885743232
04.449497926906594181
04.373824288786841485
04.375500724414663090
04.460794386260340083
04.631387672614748929
04.883949493353393123
05.208945570142097914
05.589277112512370138
06.000000000000000000
05.000000000000000000
04.785434694879234563
04.597249588666582731
04.457803354257616313
04.383692150929136666
04.385924186297852856
04.470713994020331761
04.639887633130082456
04.890425433096837082
05.213172123189822926
05.591321268229591190
06.000000000000000000
05.000000000000000000
04.785843916896157957
04.598221243306240602
04.459358859177224410
04.385493012965750559
04.387298827427478898
04.470925357789551136
04.638518092291057826
04.887710675277950223
05.210088459461901245
05.589253064377396107
06.000000000000000000
05.000000000000000000
04.783040954877638029
04.593470129100207799
04.453497440353505255
04.378689520878187302
04.379034844953506145
04.460492863584684997
04.625763128556324766
04.873728820348913082
05.197497881830406286
05.581586702361062358
06.000000000000000000
05.000000000000000000
04.775430332929014199
04.580751379449555571
04.438104936102390319
04.361469675147959357
04.359290495708973978
04.436974625115136739
04.598071913788554177
04.843749458569928557
05.170304611483333979
05.564745314965249712
06.000000000000000000
05.000000000000000000
04.759269297907793295
04.555285525291460580
04.409110318635985237
04.330688659938654261
04.325124882988016672
04.396505845043588323
04.549517565730686997
04.789205575143459903
05.118344719408722376
05.530845488072031024
06.000000000000000000
05.000000000000000000
04.725748133014746166
04.507625892885839924
04.359761952186684830
04.282015196244596034
04.273014497556760993
04.334316002549139846
04.471771939239236104
04.696105532591666964
05.022082046670734989
05.461855525463341188
06.000000000000000000
05.000000000000000000
04.652534986683706464
04.419823813051827699
04.280259175907533020
04.210824886522367194
04.200153186178995135
04.246275159397768562
04.355464928593656637
04.544230580386378726
04.845013651589436421
05.312757196077446231
06.000000000000000000
05.000000000000000000
04.476776945920128981
04.261174406096277067
04.160119847387131919
04.114902076458785807
04.106918184803478589
04.132129162775333597
04.195120856043330626
04.311939996737149450
04.525380498080765257
04.957705589336531382
06.000000000000000000
04.000000000000000000
04.000000000000000000
04.000000000000000000
04.000000000000000000
04.000000000000000000
04.000000000000000000
04.000000000000000000
04.000000000000000000
04.000000000000000000
04.000000000000000000
04.000000000000000000
04.000000000000000000
03.000000000000000000
03.000000000000000000
03.000000000000000000
03.000000000000000000
03.000000000000000000
03.000000000000000000
03.000000000000000000
03.000000000000000000
03.000000000000000000
03.000000000000000000
03.000000000000000000
03.000000000000000000
05.000000000000000000
03.981904414000303927
03.575410294909702191
03.390565520511078734
03.306346566061474590
03.282286650978624820
03.306998915443326581
03.385184597058576106
03.540471181716547733
03.837730290683111889
04.461640548196065481
06.000000000000000000
05.000000000000000000
04.360388643709289802
03.943192350262128443
03.697895616007830899
03.571666867128068024
03.535835246770961060
03.581007944448654001
03.713682205995821217
03.958236932969039668
04.364818138681979320
05.018365329243446915
06.000000000000000000
05.000000000000000000
04.531329856215706720
04.164737139974906910
03.918179686324899880
03.781970462958881729
03.745511494118196172
03.805492484796305863
03.968082042817292265
04.249497369305847094
04.674278635804221871
05.264352917577560298
06.000000000000000000
05.000000000000000000
04.619928367965522753
04.300541105183198987
04.071201374378623505
03.940370180747900353
03.909100626860748218
03.978878351904725719
04.154780491946936216
04.445222106666691708
04.857682170221102602
05.387803345812895550
06.000000000000000000
05.000000000000000000
04.670921755543335330
04.386648818766938795
04.176728391992523548
04.056134222232899766
04.031707679803858468
04.107587033496806761
04.287768964269191407
04.575560135398185402
04.969584358751936826
05.456109181827250687
06.000000000000000000
05.000000000000000000
04.702448710471542448
04.442919048606802868
04.249499041117018372
04.139117623250738731
04.121038960927855932
04.200556621846451399
04.380855838509172706
04.662426107004855602
05.039867014946847412
05.496587183825224265
06.000000000000000000
05.000000000000000000
04.722816399126642750
04.480440392297726504
04.299657991968253157
04.197726769689534621
04.184728866239320055
04.266329158408043831
04.445184091702475193
04.720396611957444755
05.084939167290968065
05.521644408498428191
06.000000000000000000
05.000000000000000000
04.736260873362570401
04.505656597720698819
04.334035193449987666
04.238470729245396029
04.229193323866998533
04.311907258344240823
04.488964430194816835
04.758866550717960386
05.114045472993058894
05.537467128590016330
06.000000000000000000
05.000000000000000000
04.745121317656521676
04.522443424532069933
04.357171917504842007
04.266083267042329652
04.259315989318085194
04.342511235140265491
04.517884072903668446
04.783752401507052276
05.132480008002574756
05.547326879137827405
06.000000000000000000
05.000000000000000000
04.750728553903891260
04.533133307782605037
04.371990631420119122
04.283786185719023365
04.278495446398461688
04.361690692220641985
04.535586991580362159
04.798571115422331168
05.143169891253109860
05.552934115385196101
06.000000000000000000
05.000000000000000000
04.753779165962702002
04.539008555506759635
04.380192346874991038
04.293533425104659962
04.288800727746746588
04.371514662223987990
04.544027126054080767
04.805023704142963759
05.147397430779119709
05.554985421190148820
06.000000000000000000
05.000000000000000000
04.754458466085785595
04.540490762746856923
04.382452235479177283
04.296183271787433533
04.291122849382134952
04.372723141550859616
04.543640593800375882
04.803190855468367992
05.144989537740097596
05.553286475457571036
06.000000000000000000
05.000000000000000000
04.752366327306972060
04.537081602489992704
04.378435540183512664
04.291586381292613162
04.285291017208575859
04.364808678127169550
04.533324596551045360
04.791362606071349894
05.134029568830038137
05.546504800660653878
06.000000000000000000
05.000000000000000000
04.746141441895459501
04.526967837876079592
04.366602748263281875
04.278595999219573009
04.270177293149788333
04.346056646842736626
04.510230741255864650
04.765434491668943728
05.109903377861077622
05.531328868179374858
06.000000000000000000
05.000000000000000000
04.732394510748413552
04.506014452696969208
04.343729776242435392
04.255036498623358199
04.243872473481597574
04.313650198525576407
04.469446809822394506
04.717750508530504483
05.063155517734872824
05.500269488595786349
06.000000000000000000
05.000000000000000000
04.702769385818498016
04.465588679092305391
04.304115367398503089
04.217760004011927855
04.204099891920119347
04.264080882598229927
04.403871583870338391
04.635433050379449860
04.975130174921621240
05.435792447180351594
06.000000000000000000
05.000000000000000000
04.635369393485065714
04.388500923748863691
04.238908388958088302
04.163184311716758401
04.149133088591016261
04.194305786268709646
04.305199650584510707
04.499249705919296183
04.810126712168714569
05.293346079019221939
06.000000000000000000
05.000000000000000000
04.467469608614023535
04.244231295814648419
04.137806532929178438
04.089243923706945338
04.079473180389988407
04.104185444854689280
04.168081954704047298
04.287712194134646104
04.506551291588058561
04.947205742809785534
06.000000000000000000
04.000000000000000000
04.000000000000000000
04.000000000000000000
04.000000000000000000
04.000000000000000000
04.000000000000000000
04.000000000000000000
04.000000000000000000
04.000000000000000000
04.000000000000000000
04.000000000000000000
04.000000000000000000
03.000000000000000000
03.000000000000000000
03.000000000000000000
03.000000000000000000
03.000000000000000000
03.000000000000000000
03.000000000000000000
03.000000000000000000
03.000000000000000000
03.000000000000000000
03.000000000000000000
03.000000000000000000
05.000000000000000000
03.966356526644615688
03.548112239302556148
03.355891501562160428
03.267513955828515559
03.241233222193245833
03.264997395138053538
03.343690174249699609
03.502006075690459408
03.806558630203141558
04.443548061722768061
06.000000000000000000
05.000000000000000000
04.331753410603176313
03.892654560130137664
03.633398593425032796
03.499189097948613547
03.459070314229479859
03.502448687227908142
03.636177614081381737
03.886610816902657195
04.307040139307604321
04.985006438362900028
06.000000000000000000
05.000000000000000000
04.492845858467514830
04.096446421389229542
03.830558624223997288
03.683108983850525764
03.640568589946520550
03.698072099103560273
03.862297617598924315
04.152106305868961122
04.596131910944460053
05.219483832937848788
06.000000000000000000
05.000000000000000000
04.574491433951973107
04.219530732724858346
03.966747579186281403
03.822060891390121729
03.783245365138129923
03.850037929561691552
04.028149358279921266
04.329076287565110981
04.764945525823796935
05.334813762288294292
06.000000000000000000
05.000000000000000000
04.620735791493633116
04.296837166074121583
04.060455032784221707
03.924005463832835883
03.890898518241312942
03.963439863532183693
04.146352395782771261
04.446283337475298580
04.866789384174784239
05.397596620144938129
06.000000000000000000
05.000000000000000000
04.649068921643856989
04.347125391818255302
04.125092132373310072
03.997382239334731580
03.969781974907117483
04.045729866859056223
04.229201520517057666
04.524167111936272967
04.930286050348604121
05.434390890369201976
06.000000000000000000
05.000000000000000000
04.667307608517607953
04.380626764616121882
04.169732467486190863
04.049422466678507249
04.026303229243844761
04.104189984749214481
04.286570916385992192
04.576098407538970569
04.970849239178273926
05.457023317633058923
06.000000000000000000
05.000000000000000000
04.679354173018583474
04.403188228778802227
04.200440428701303297
04.085776169261236213
04.065969121744953618
04.144887784348641802
04.325739922804075377
04.610605402629388117
04.997026516280143937
05.471283006793760784
06.000000000000000000
05.000000000000000000
04.687339909545528371
04.418307628368327578
04.221262876457513080
04.110612834957659167
04.093060389669777699
04.172423634744836463
04.351784512204056377
04.633045589072134263
05.013671329387936915
05.480194628979011107
06.000000000000000000
05.000000000000000000
04.692487696322357849
04.428119128447465691
04.234859651205757025
04.126851461553744826
04.110650591125697417
04.190013836200757957
04.368023138800142924
04.646642363820379096
05.023482829467075028
05.485342415755842360
06.000000000000000000
05.000000000000000000
04.695475754715370265
04.433871310264188459
04.242887269831238761
04.136395244729455634
04.120755303997567509
04.199673966601255692
04.376358998272294798
04.653052243759323581
05.027709597765530170
05.487404588490545798
06.000000000000000000
05.000000000000000000
04.696569575570179289
04.436134165901441051
04.246219716468584870
04.140334647769893017
04.124517558656964233
04.202404314162335730
04.377483097477377960
04.652585656521365465
05.026356640463592207
05.486285284685629371
06.000000000000000000
05.000000000000000000
04.695579322164689984
04.434796258875052466
04.245036473444755210
04.139115824384462350
04.122407913925212775
04.198355805877150182
04.370935105566788437
04.644111453007719881
05.017956917405401285
05.480901290890034971
06.000000000000000000
05.000000000000000000
04.691540393387419350
04.428766996023409952
04.238747156284456530
04.132679155128195170
04.114459803631262069
04.187001148922132820
04.355026087078129216
04.624575460975532515
04.998719214124072607
05.468401222038724363
06.000000000000000000
05.000000000000000000
04.681718971447803135
04.415088094796314699
04.225647816368558907
04.120565414436129892
04.100579704910987999
04.167372269334549628
04.326653881325930762
04.587976524747388929
04.960502887895253288
05.442041299784125208
06.000000000000000000
05.000000000000000000
04.658714870369299099
04.386807456218225987
04.202160526283553743
04.101981000262535204
04.080952087861802191
04.138455597018841026
04.281169634010933756
04.523708207928518910
04.886492945773455610
05.385352844839633057
06.000000000000000000
05.000000000000000000
04.601760093207611924
04.328654938202507019
04.161780067940402894
04.075878817359385842
04.056458484715935064
04.099836857714362459
04.212867333492154920
04.414992291418027293
04.743040517379973231
05.255013120967335638
06.000000000000000000
05.000000000000000000
04.448855144645032844
04.211232935029063817
04.095449349266382377
04.041437818091296208
04.028817007411442219
04.052581180356251700
04.117614036512478926
04.241563923394681801
04.469679325929647895
04.926046679723184774
06.000000000000000000
04.000000000000000000
04.000000000000000000
04.000000000000000000
04.000000000000000000
04.000000000000000000
04.000000000000000000
04.000000000000000000
04.000000000000000000
04.000000000000000000
04.000000000000000000
04.000000000000000000
04.000000000000000000
03.000000000000000000
03.000000000000000000
03.000000000000000000
03.000000000000000000
03.000000000000000000
03.000000000000000000
03.000000000000000000
03.000000000000000000
03.000000000000000000
03.000000000000000000
03.000000000000000000
03.000000000000000000
05.000000000000000000
03.936735336202117796
03.499063368302728794
03.296741163091356785
03.203605874562995393
03.174817815319030956
03.196900195627818686
03.274957958850071904
03.435688203226086035
03.749730111451869075
04.408449042604723367
06.000000000000000000
05.000000000000000000
04.278997430188164586
03.804410930872811125
03.526140461906869916
03.382708881293421843
03.337685766239402607
03.377905531073219336
03.510669325287749221
03.766036310486144512
04.204501647772631578
04.922323918531096076
06.000000000000000000
05.000000000000000000
04.424113325979795341
03.980384406424109400
03.688312113756307298
03.527726527208676188
03.478125162671461101
03.531309238823498120
03.694618772570362086
03.991865723837519031
04.460970056372445036
05.137657406838872731
06.000000000000000000
05.000000000000000000
04.495275213250383040
04.084744656763590775
03.800346850418165445
03.639302747530069215
03.591609904148358012
03.653246902947104413
03.830766653855562698
04.141419454580042903
04.607803912189296192
05.240420790884721569
06.000000000000000000
05.000000000000000000
04.534733895829188732
04.149671367691051493
03.877714640156744164
03.722392070856493262
03.678967424152248089
03.745790213220745013
03.928561826400334578
04.240150286071274977
04.695184917470875519
05.295115144241647975
06.000000000000000000
05.000000000000000000
04.558661199813145437
04.191787585958059559
03.931362064959506242
03.782896096808474606
03.743892384414702068
03.813762713799365045
03.997555662335699367
04.305711145280635144
04.749232347053172099
05.326717590168153826
06.000000000000000000
05.000000000000000000
04.574020864554380061
04.219884086864482242
03.968631398666529808
03.826205488848600123
03.790899745426744349
03.862491879188375332
04.045603513308191346
04.349478037786684403
04.783640019856298942
05.346014103975754495
06.000000000000000000
05.000000000000000000
04.584190943233932281
04.238893669738118319
03.994448748410705630
03.856723858177506070
03.824191943745091748
03.896695042611279636
04.078609316297852061
04.378657066065135162
04.805855019048756560
05.358149261433460708
06.000000000000000000
05.000000000000000000
04.590993626514694448
04.251761951565092623
04.012153460526579174
03.877826940125310262
03.847207728322069809
03.920101766887191364
04.100775221466711251
04.397786727455945233
04.820068649829027940
05.365769422370729735
06.000000000000000000
05.000000000000000000
04.595489868783608323
04.260328865252442476
04.024020708839246119
03.891994984009444991
03.862551883494392602
03.935445922059514601
04.114943265350846424
04.409653975768613954
04.828635563516378681
05.370265664639643610
06.000000000000000000
05.000000000000000000
04.598315241633971873
04.265764268035622031
04.031602384804116035
03.901010950103621866
03.872112700435277777
03.944615799301466552
04.122896408223967413
04.415810702458544235
04.832725617346261160
05.372273559833499412
06.000000000000000000
05.000000000000000000
04.599820392642687494
04.268792568612041372
04.035974499786051162
03.906197461758246003
03.877285346190742832
03.948877479952372926
04.125595486217838115
04.416821138906207089
04.832548501603857183
05.371813632064061927
06.000000000000000000
05.000000000000000000
04.600079972148932050
04.269780180344680431
04.037938427461551960
03.908709575048931573
03.879300952884433773
03.949171282269096750
04.123369140576156333
04.412287507782680862
04.827224941439793859
05.368136362503939552
06.000000000000000000
05.000000000000000000
04.598686483063128883
04.268630227110707942
04.038178269458867042
03.909921058096234248
03.879713939112163334
03.946536728180658926
04.116090813640075119
04.400613915373397411
04.814143776890532855
05.359067731475586349
06.000000000000000000
05.000000000000000000
04.593955410914724702
04.264220045335020970
04.037296396074439464
03.911922322668408558
03.881102930993561628
03.942739929792308029
04.103386228993902485
04.378369000236317810
04.787279300760725498
05.339100988549064120
06.000000000000000000
05.000000000000000000
04.580303055016019975
04.252690460527062122
04.035501093262356953
03.918023156864950618
03.887896414592386662
03.941080490744424125
04.084915402226637404
04.339054703343569130
04.733276110475399534
05.293847135875098253
06.000000000000000000
05.000000000000000000
04.539696429371358199
04.223249440086740414
04.031587240312211051
03.932788965613069010
03.906698691062346018
03.946918455896162303
04.060749409607396387
04.271483088891485203
04.623340156986560423
05.183022917714288802
06.000000000000000000
05.000000000000000000
04.413038521393722213
04.150917470128869802
04.021432068906196200
03.960433414856998624
03.944252408733992521
03.966334789042779807
04.031785499144075580
04.160379109040925449
04.401584213278010083
04.884752227796327340
06.000000000000000000
04.000000000000000000
04.000000000000000000
04.000000000000000000
04.000000000000000000
04.000000000000000000
04.000000000000000000
04.000000000000000000
04.000000000000000000
04.000000000000000000
04.000000000000000000
04.000000000000000000
04.000000000000000000
03.000000000000000000
03.000000000000000000
03.000000000000000000
03.000000000000000000
03.000000000000000000
03.000000000000000000
03.000000000000000000
03.000000000000000000
03.000000000000000000
03.000000000000000000
03.000000000000000000
03.000000000000000000
05.000000000000000000
03.876304035489928523
03.408974170773682033
03.196575605624785599
03.100852248709918157
03.070568722535115480
03.089809383884379645
03.163798729263028076
03.322228671476924244
03.643776844661708481
04.335401548427702423
06.000000000000000000
05.000000000000000000
04.177581880991058760
03.650396531949780421
03.352908267067425729
03.203876126012797698
03.155631216268964589
03.190564339303962882
03.316290443917182085
03.568519472827755390
04.022080660519384843
04.798939360394480325
06.000000000000000000
05.000000000000000000
04.298071778791773490
03.785995980271392281
03.467115985896256802
03.297690208008841939
03.242994620109765691
03.289030696531940468
03.443693176622188101
03.738443834122929577
04.229576927565474875
04.983640692377852233
06.000000000000000000
05.000000000000000000
04.354722901781320488
03.865475692181459255
03.548357551253406683
03.375409328751745264
03.320829727393453723
03.374025463573166572
03.542332910024821757
03.851952331583091915
04.346099308091948110
05.068289608226234755
06.000000000000000000
05.000000000000000000
04.385443690470431477
03.914865943926735259
03.605772821175142528
03.435934389060573579
03.384083793250242334
03.441624982948459088
03.615224341089708915
03.927453738350544565
04.414674423327455521
05.112155018226004266
06.000000000000000000
05.000000000000000000
04.403931339756827157
03.947044617090229579
03.646276670279844812
03.481229058690640699
03.432581606756961445
03.492651641685639685
03.667580272908899541
03.977909944398235087
04.456877923370982764
05.137128673581926819
06.000000000000000000
05.000000000000000000
04.415805668072708023
03.968653208745521521
03.674781131239007070
03.514226898513983954
03.468372003973625883
03.529858850905221335
03.704483119293627613
04.011784089092215844
04.483720728417130097
05.152278982641593785
06.000000000000000000
05.000000000000000000
04.423709891102807212
03.983393241935738072
03.694749552716881436
03.537791526291774957
03.494073868955374085
03.556305394461006131
03.730083137475574961
04.034508214890012212
04.501094190557478392
05.161800824224854090
06.000000000000000000
05.000000000000000000
04.429058406692806926
03.993500878453058345
03.708640934931150657
03.554336779377347710
03.512116505757138185
03.574666241522992838
03.747494093374229340
04.049561715497112857
04.512300675643841963
05.167817899043233076
06.000000000000000000
05.000000000000000000
04.432694836786645887
04.000427011058626192
03.718230953395437854
03.565781560159113628
03.524508523643560043
03.587058259409415584
03.758938874155995702
04.059151733961400943
04.519226808249408478
05.171454329137072925
06.000000000000000000
05.000000000000000000
04.435172742606700247
04.005190036914673790
03.724869933554463497
03.573676773019691222
03.532892229218938862
03.595123754724570020
03.765968384203491670
04.064628595727595162
04.522890985536414554
05.173263675728745348
06.000000000000000000
05.000000000000000000
04.436897063902420335
04.008605742126831295
03.729742816363892377
03.579462295101981439
03.538791597560011937
03.600278444491608720
03.769718515881624654
04.066745774217101150
04.523673261798440315
05.173370378471306985
06.000000000000000000
05.000000000000000000
04.438198506361922036
04.011485344780545859
03.734203568104053517
03.584901585802306112
03.544086794597456791
03.604156829526135919
03.771252800020564511
04.065836842222443792
04.521318651061299931
05.171395840187022586
06.000000000000000000
05.000000000000000000
04.439307276477298281
04.014825208683491908
03.740276868676686295
03.592825305354118370
03.551861368775101280
03.609402558473318479
03.772115257383253706
04.061957785852087000
04.514633688084211727
05.166018604232871958
06.000000000000000000
05.000000000000000000
04.439969053283049583
04.019895593419206214
03.751434398128232761
03.608387025305674456
03.567859043454017165
03.621054779633728682
03.775310606578751393
04.055029178457917105
04.500519209329695514
05.153535759727965626
06.000000000000000000
05.000000000000000000
04.437664705721457103
04.027795580679249809
03.773672600867008509
03.640966541531108547
03.602695772526603779
03.648731848948779000
03.786969510144453821
04.045000449093681283
04.471376527973332848
05.123233619307535847
06.000000000000000000
05.000000000000000000
04.420444237937453558
04.037133687438475782
03.816426334299102496
03.706103922274914364
03.674044464130344689
03.708977587165342982
03.818518240179300083
04.032037540059432601
04.408817816008080648
05.041801717340874234
06.000000000000000000
05.000000000000000000
04.339074846867265300
04.037152047253034226
03.891043944412936550
03.823699084380013158
03.804329452209193274
03.823570113558456995
03.886645564933123520
04.016697010265074752
04.271954721141059785
04.798172359805039200
06.000000000000000000
04.000000000000000000
04.000000000000000000
04.000000000000000000
04.000000000000000000
04.000000000000000000
04.000000000000000000
04.000000000000000000
04.000000000000000000
04.000000000000000000
04.000000000000000000
04.000000000000000000
04.000000000000000000
03.000000000000000000
03.000000000000000000
03.000000000000000000
03.000000000000000000
03.000000000000000000
03.000000000000000000
03.000000000000000000
03.000000000000000000
03.000000000000000000
03.000000000000000000
03.000000000000000000
03.000000000000000000
05.000000000000000000
03.734774651472765328
03.231969548822037464
03.020626499091837669
02.931267980121897931
02.903151337140821298
02.917873999612609293
02.980286778837253348
03.122237552862817012
03.433684195645593462
04.161485901605703752
06.000000000000000000
05.000000000000000000
03.962198609094000457
03.373423516415022139
03.074624740982311533
02.935006407406594686
02.889774029908700026
02.916395103375451825
03.022038181830534409
03.247316882287878403
03.688085371474061791
04.530666505411802270
06.000000000000000000
05.000000000000000000
04.046716031936100855
03.455873728893394059
03.131308109366466752
02.971277059182139357
02.919118246193155741
02.954054926047440688
03.083700931223395170
03.346931857178446545
03.827569412588120112
04.668080392537247825
06.000000000000000000
05.000000000000000000
04.084973896180521535
03.505899709015294352
03.178446609008746204
03.013256529992638821
02.960027486178082423
03.000259855250371643
03.141250842304030400
03.418386943476743323
03.906031437688916697
04.728324819777895094
06.000000000000000000
05.000000000000000000
04.105489903186326117
03.537863531155853281
03.214389841442791607
03.050212343808948123
02.998365718557074455
03.041775609628306398
03.187285598440152246
03.467713476145792395
03.952351932111257238
04.758804245460569682
06.000000000000000000
05.000000000000000000
04.117864424648010058
03.559116322260525767
03.240774070703568821
03.079435191849331677
03.029587893980767443
03.074828642958749914
03.221633658727680594
03.501356538490628001
03.980965067137260505
04.775974251974704821
06.000000000000000000
05.000000000000000000
04.125866674515536126
03.573597264563417308
03.259765074339351809
03.101334547568953326
03.053327194625679919
03.099585301732386444
03.246341467199493902
03.524220833254355423
03.999236222912509575
04.786357714805299146
06.000000000000000000
05.000000000000000000
04.131238986770028987
03.583592393305059520
03.273272166162204844
03.117248644636932298
03.070682817003402842
03.117472301176645200
03.263709395964758730
03.539699869649620467
04.011120142146793910
04.792892700958874208
06.000000000000000000
05.000000000000000000
04.134920347669927665
03.590543007312074320
03.282815047392006580
03.128606811590048498
03.083067769164783645
03.130083407169693910
03.275683244622774826
03.550070266220445969
04.018854400781401992
04.797051477846911105
06.000000000000000000
05.000000000000000000
04.137491486217794723
03.595438377146465303
03.289590266940636720
03.136689322633994248
03.091817338267106141
03.138832976272015518
03.283765755666721020
03.556845485769075221
04.023749770615793864
04.799622616394778163
06.000000000000000000
05.000000000000000000
04.139371092561177079
03.599048181440679173
03.294617574385506398
03.142666758457760778
03.098170761908701554
03.144960246081945243
03.289127509785586323
03.561045277872922465
04.026575930282413118
04.801024806750022300
06.000000000000000000
05.000000000000000000
04.140939023482166803
03.602124996186061079
03.298973114073296742
03.147835446828161299
03.103501885319785103
03.149759992426492516
03.292842366458701875
03.563428872988299911
04.027763954535152457
04.801430063771929824
06.000000000000000000
05.000000000000000000
04.142660477547142506
03.605676691262809097
03.304200320761964349
03.154122806471114870
03.109862041949513323
03.155102790927495349
03.296321273349462899
03.564782788549024417
04.027525436139542947
04.800770304873837269
06.000000000000000000
05.000000000000000000
04.145254449332156810
03.611447733909945779
03.313118568500084127
03.165123483688098815
03.121110471098720751
03.164520362169952694
03.302196738319303382
03.566442203203084471
04.025936134865348848
04.798568791606401263
06.000000000000000000
05.000000000000000000
04.149902170014438951
03.622877171434320420
03.331521281790704947
03.188255475738229539
03.145252639845255160
03.185485008917545269
03.316249788049620673
03.571461616258702065
04.023008900107943653
04.793253093611810733
06.000000000000000000
05.000000000000000000
04.158182644318566545
03.647071897920666661
03.371806450625059792
03.239197412039011237
03.199158061223755123
03.234094741078039181
03.351621284080266605
03.587430198437039142
04.018767581615392714
04.779547004919714404
06.000000000000000000
05.000000000000000000
04.169577911961236616
03.698659737946270010
03.460310018298423440
03.350254934804941964
03.317155423035869077
03.343776496502620876
03.437286709228880799
03.633002159603989423
04.013321593005310994
04.738045808279037985
06.000000000000000000
05.000000000000000000
04.164058772994697399
03.805211527508225888
03.648210013948887109
03.581073215826718226
03.561269695762668608
03.575992358234457935
03.630092014542073642
03.749821067719866452
04.006926174331780999
04.590770023127635824
06.000000000000000000
04.000000000000000000
04.000000000000000000
04.000000000000000000
04.000000000000000000
04.000000000000000000
04.000000000000000000
04.000000000000000000
04.000000000000000000
04.000000000000000000
04.000000000000000000
04.000000000000000000
04.000000000000000000
03.000000000000000000
03.000000000000000000
03.000000000000000000
03.000000000000000000
03.000000000000000000
03.000000000000000000
03.000000000000000000
03.000000000000000000
03.000000000000000000
03.000000000000000000
03.000000000000000000
03.000000000000000000
05.000000000000000000
03.338341711255227384
02.854337001374080529
02.689766413367578490
02.628507360412974503
02.610006522963407516
02.618184638104756878
02.656308212444079775
02.750354123594000999
02.986838086655691171
03.669329178000897418
06.000000000000000000
05.000000000000000000
03.441023066811397246
02.866106398607795480
02.635354167532340419
02.540275927568115488
02.510492527701188692
02.525215825104280665
02.589296431297122059
02.736967458406413645
03.067823105347102342
03.867735543113148378
06.000000000000000000
05.000000000000000000
03.479658297528889666
02.892820375090892071
02.641798481666769227
02.532833075583547977
02.498268270613468900
02.517511671505606952
02.595786914291036585
02.767461205344450281
03.127631945329126584
03.938761107638514058
06.000000000000000000
05.000000000000000000
03.497634576864570466
02.913954089898017852
02.659130420253223104
02.546167406259575383
02.510512338386510223
02.532602345751814088
02.617539983362239031
02.798104374230023783
03.164645641605349891
03.969363062880027826
06.000000000000000000
05.000000000000000000
03.507536479825532183
02.928844523583786330
02.675261753017789790
02.562290130183341841
02.527116347234680926
02.550898073340829963
02.638513539157117727
02.821438366427584388
03.187348165484486184
03.984762152317783634
06.000000000000000000
05.000000000000000000
03.513627682455688461
02.939176300234350503
02.687929094313001865
02.576202805580790400
02.541959261795658787
02.566708063471737855
02.655139158085891626
02.837964227194891276
03.201615997338463249
03.993435297429167807
06.000000000000000000
05.000000000000000000
03.517618983122672294
02.946365528044125881
02.697313388409173118
02.586991852169960193
02.553651607901697762
02.578934421587383508
02.667404236730876566
02.849389159215689471
03.210808672145815112
03.998689533046258848
06.000000000000000000
05.000000000000000000
03.520324759577901030
02.951390594082399677
02.704091587253008910
02.594968721471020867
02.562350899485555278
02.587911334620390136
02.676141259313036258
02.857199906019063373
03.216824587435927807
04.002006322211951073
06.000000000000000000
05.000000000000000000
03.522198652728123047
02.954926224137063517
02.708942338448050879
02.600739430435260235
02.568642972742856134
02.594321217312614003
02.682232860139814878
02.862482366431635672
03.220769521123474366
04.004129837102608391
06.000000000000000000
05.000000000000000000
03.523533646166441269
02.957467317500231285
02.712458060637758184
02.604932325004103433
02.573181178547301773
02.598859423117060086
02.686425754708658076
02.865998088621342976
03.223310614486642134
04.005464830540926613
06.000000000000000000
05.000000000000000000
03.524557954450953989
02.959433069295613894
02.715193703163565342
02.608184070673923216
02.576639331449873005
02.602199766584707863
02.689356608515938607
02.868302021929620249
03.224867062649142024
04.006239517085003143
06.000000000000000000
05.000000000000000000
03.525509944845947263
02.961290810157530817
02.717810795836812066
02.611286804534274975
02.579857070289529819
02.605139883975215565
02.691699189095191347
02.869886566643328418
03.225733954259220493
04.006580494769534262
06.000000000000000000
05.000000000000000000
03.526744739875949719
02.963773471808481386
02.721388816984086301
02.615560223854735966
02.584235922510504491
02.608984724186584447
02.694496576359837192
02.871423949865975711
03.226213168912595020
04.006552354849429065
06.000000000000000000
05.000000000000000000
03.528957268333000385
02.968370169106056888
02.728148897193486633
02.623724181546299050
02.592671862897052204
02.616453589003200797
02.699947590520074936
02.874325510603280787
03.226873811006755854
04.006182940825251393
06.000000000000000000
05.000000000000000000
03.533754921150515926
02.978624148789126735
02.743312816912624186
02.642069738069082074
02.611844508406312215
02.633934515771616081
02.713442315171745278
02.882286770889425309
03.229315700496458330
04.005483407165973730
06.000000000000000000
05.000000000000000000
03.545364026313527095
03.004040222587288422
02.780366122873479284
02.686308492348903787
02.658255901763856510
02.677499302655993674
02.749262331056392394
02.906028846551160338
03.238851792825523379
04.004466836423151044
06.000000000000000000
05.000000000000000000
03.576453039895056918
03.073288499955360020
02.877390462789928716
02.798758234693960123
02.775591729598539725
02.790315027001632142
02.847778738422967582
02.979003753664002385
03.275005206694666882
04.003165516196808049
06.000000000000000000
05.000000000000000000
03.670656180945128799
03.283510657541901079
03.152071590362116371
03.103547457894974215
03.089657399232166313
03.097835514373515675
03.131348309926079931
03.212659300588537992
03.416011742823511721
04.001643647690799277
06.000000000000000000
04.000000000000000000
04.000000000000000000
04.000000000000000000
04.000000000000000000
04.000000000000000000
04.000000000000000000
04.000000000000000000
04.000000000000000000
04.000000000000000000
04.000000000000000000
04.000000000000000000
04.000000000000000000
02.000000000000000000
02.000000000000000000
02.000000000000000000
02.000000000000000000
02.000000000000000000
02.000000000000000000
02.000000000000000000
02.000000000000000000
02.000000000000000000
02.000000000000000000
02.000000000000000000
02.000000000000000000
02.000000000000000000
02.000000000000000000
02.000000000000000000
02.000000000000000000
02.000000000000000000
02.000000000000000000
02.000000000000000000
02.000000000000000000
02.000000000000000000
02.000000000000000000
02.000000000000000000
02.000000000000000000
02.000000000000000000
02.000000000000000000
02.000000000000000000
02.000000000000000000
02.000000000000000000
02.000000000000000000
02.000000000000000000
02.000000000000000000
02.000000000000000000
02.000000000000000000
02.000000000000000000
02.000000000000000000
02.000000000000000000
02.000000000000000000
02.000000000000000000
02.000000000000000000
02.000000000000000000
02.000000000000000000
02.000000000000000000
02.000000000000000000
02.000000000000000000
02.000000000000000000
02.000000000000000000
02.000000000000000000
02.000000000000000000
02.000000000000000000
02.000000000000000000
02.000000000000000000
02.000000000000000000
02.000000000000000000
02.000000000000000000
02.000000000000000000
02.000000000000000000
02.000000000000000000
02.000000000000000000
02.000000000000000000
02.000000000000000000
02.000000000000000000
02.000000000000000000
02.000000000000000000
02.000000000000000000
02.000000000000000000
02.000000000000000000
02.000000000000000000
02.000000000000000000
02.000000000000000000
02.000000000000000000
02.000000000000000000
02.000000000000000000
02.000000000000000000
02.000000000000000000
02.000000000000000000
02.000000000000000000
02.000000000000000000
02.000000000000000000
02.000000000000000000
02.000000000000000000
02.000000000000000000
02.000000000000000000
02.000000000000000000
02.000000000000000000
02.000000000000000000
02.000000000000000000
02.000000000000000000
02.000000000000000000
02.000000000000000000
02.000000000000000000
02.000000000000000000
02.000000000000000000
02.000000000000000000
02.000000000000000000
02.000000000000000000
02.000000000000000000
02.000000000000000000
02.000000000000000000
02.000000000000000000
02.000000000000000000
02.000000000000000000
02.000000000000000000
02.000000000000000000
02.000000000000000000
02.000000000000000000
02.000000000000000000
02.000000000000000000
02.000000000000000000
02.000000000000000000
02.000000000000000000
02.000000000000000000
02.000000000000000000
02.000000000000000000
02.000000000000000000
02.000000000000000000
02.000000000000000000
02.000000000000000000
02.000000000000000000
02.000000000000000000
02.000000000000000000
02.000000000000000000
02.000000000000000000
02.000000000000000000
02.000000000000000000
02.000000000000000000
02.000000000000000000
02.000000000000000000
02.000000000000000000
02.000000000000000000
02.000000000000000000
02.000000000000000000
02.000000000000000000
02.000000000000000000
02.000000000000000000
02.000000000000000000
02.000000000000000000
02.000000000000000000
02.000000000000000000
02.000000000000000000
02.000000000000000000
02.000000000000000000
02.000000000000000000
02.000000000000000000
02.000000000000000000
02.000000000000000000
02.000000000000000000
02.000000000000000000
02.000000000000000000
02.000000000000000000
02.000000000000000000
02.000000000000000000
02.000000000000000000
02.000000000000000000
02.000000000000000000
02.000000000000000000
02.000000000000000000
02.000000000000000000
02.000000000000000000
02.000000000000000000
02.000000000000000000
02.000000000000000000
02.000000000000000000
02.000000000000000000
02.000000000000000000
02.000000000000000000
02.000000000000000000
02.000000000000000000
02.000000000000000000
02.000000000000000000
02.000000000000000000
02.000000000000000000
02.000000000000000000
02.000000000000000000
02.000000000000000000
02.000000000000000000
02.000000000000000000
02.000000000000000000
02.000000000000000000
02.000000000000000000
02.000000000000000000
02.000000000000000000
02.000000000000000000
02.000000000000000000
02.000000000000000000
02.000000000000000000
02.000000000000000000
02.000000000000000000
02.000000000000000000
02.000000000000000000
02.000000000000000000
02.000000000000000000
02.000000000000000000
02.000000000000000000
02.000000000000000000
02.000000000000000000
02.000000000000000000
02.000000000000000000
02.000000000000000000
02.000000000000000000
02.000000000000000000
02.000000000000000000
02.000000000000000000
02.000000000000000000
02.000000000000000000
02.000000000000000000
02.000000000000000000
02.000000000000000000
02.000000000000000000
02.000000000000000000
02.000000000000000000
02.000000000000000000
02.000000000000000000
02.000000000000000000
02.000000000000000000
02.000000000000000000
02.000000000000000000
02.000000000000000000
02.000000000000000000
02.000000000000000000
02.000000000000000000
02.000000000000000000
02.000000000000000000
02.000000000000000000
02.000000000000000000
02.000000000000000000
02.000000000000000000
02.000000000000000000
02.000000000000000000
02.000000000000000000
02.000000000000000000
02.000000000000000000
02.000000000000000000
02.000000000000000000
02.000000000000000000
02.000000000000000000
02.000000000000000000
02.000000000000000000
02.000000000000000000
02.000000000000000000
