01.000000000000000000
00.943651520992969783
00.887860947718704607
00.832070374447160477
00.777920700389631126
00.723771026340507939
00.672249977245873986
00.620728928174092975
00.572675642023042109
00.524622355931852580
00.480687922942428125
00.436753490105670661
00.397378290890992580
00.358003092055959704
00.323411795959472337
00.288820500783886547
00.259033552375643517
00.229246606146898763
00.204105331012446878
00.178964060911848521
00.158165375342172010
00.137366701120824691
00.120502915016400855
00.103639153888495553
00.090238495822678566
00.076837891432434691
00.066402044376991334
00.055966309973157040
00.048002246947388028
00.040038414851482296
00.034082965005772611
00.028127977611159167
00.023764651060488251
00.019402229305440433
00.016270744596783234
00.013140989644464309
00.010940601645506559
00.008743445224778107
00.007231543525243454
00.005725542203917936
00.004713109485830659
00.003711206442917341
00.003056652696752103
00.002420466392451051
00.002023160852007135
00.001657173984965380
00.001451750762376664
00.001298530458795385
00.001250798743128952
00.001288128236622563
00.001393203847937912
00.001633771694896736
00.001916870146435583
00.002410945773804119
00.002931122860676377
00.003772427236454706
00.004629390948934120
00.005964116189127800
00.007308025150253578
00.009346632704875509
00.011390505097084424
00.014421514695769808
00.017455474483559767
00.021859943713737319
00.026266028733029523
00.032530847659044078
00.038796531463227771
00.047524089360192701
00.056252099654969190
00.068163431637630695
00.080074994845840380
00.096003322554442078
00.111931765727975502
00.132803551657639407
00.153675393913107916
00.180476750838177380
00.207278134601033531
00.241005724488066231
00.274733326863358329
00.316330705472497420
00.357928089755801204
00.408210643100948734
00.458493198963023096
00.518067097013683142
00.577640996154092479
00.646823588829187335
00.716006181964732757
00.794756580577369531
00.873506979379828685
00.961375845426446829
01.049244711549398579
01.145351283875879922
01.241457856232292656
01.344499954430164568
01.447542052639463783
01.555841400757740578
01.664140748880221121
01.775721895430730113
01.887303041982600238
02.000000000000000000
