01.000000000000000000
01.000000000000000000
01.000000000000000000
01.000000000000000000
01.000000000000000000
01.000000000000000000
01.000000000000000000
01.000000000000000000
01.000000000000000000
01.000000000000000000
01.000000000000000000
01.000000000000000000
01.000000000000000000
01.000000000000000000
03.000000000000000000
02.017524187390247192
01.640792482061258273
01.475636814593506152
01.398138423675507891
01.364950916626440858
01.360036124399954804
01.378668071842133802
01.423095342004378816
01.503652090600140268
01.646451217152951951
01.917937574108856902
02.505070248740249195
04.000000000000000000
03.000000000000000000
02.429536705237776317
02.070460376887920173
01.864260426341392440
01.752765459096655931
01.702537298175045510
01.697489913396179606
01.732505066806384164
01.810969589823967940
01.945861213356313346
02.164859455150134782
02.520680251243879511
03.102575929288659218
04.000000000000000000
03.000000000000000000
02.630622106010128469
02.348144717658655178
02.159453275011242290
02.047706832667182564
01.996739624972466487
01.996788444770904114
02.044800333408662407
02.144213228144499439
02.305545251982231481
02.547719259973754813
02.898241126509923937
03.385013043845294334
04.000000000000000000
03.000000000000000000
02.745483997767481199
02.533357983823035564
02.379577048203332712
02.284197539967242285
02.242571082618589173
02.250932779759150293
02.308503050004736323
02.418183448818155945
02.586715663089940609
02.824107617982704710
03.140866755943480193
03.539912311210652085
04.000000000000000000
03.000000000000000000
02.818835366408285026
02.661933743661211160
02.543736349319154044
02.469959217681201746
02.441850628175159077
02.459516315248818863
02.523744015267044727
02.636737736847846847
02.802051028537657196
03.023565616069700202
03.302913989848570875
03.634648887566914066
04.000000000000000000
03.000000000000000000
02.868986031394575420
02.753868438122046847
02.666418989462052025
02.613706107610567653
02.599506539322668175
02.625945236534888316
02.694625839316157734
02.807123837508299413
02.964838631896763221
03.168134103203663621
03.414637822043713911
03.696831829712714956
04.000000000000000000
03.000000000000000000
02.904462316136203093
02.820507704291070006
02.757751151761103081
02.723141641325762308
02.721298758273369423
02.755200929892188455
02.826759596954032006
02.937067391781266856
03.086248296108990541
03.272880372856687980
03.493044618705417381
03.739262617816063727
04.000000000000000000
03.000000000000000000
02.929709945883808064
02.868579284999649204
02.824689295893811014
02.804468802593512500
02.812637895055635440
02.852419220752693718
02.925762897080149472
03.033430528420689498
03.174864958727118491
03.347848196389932696
03.548028095117718550
03.768528730643565083
04.000000000000000000
03.000000000000000000
02.947255280299272862
02.902239535503836620
02.871995491463885664
02.862416995060728997
02.878057963772697292
02.922119297110900682
02.996486871255000572
03.101719912265465506
03.236944125860136801
03.399657024719880738
03.585520683345773563
03.788281391720840219
04.000000000000000000
03.000000000000000000
02.958598905057258754
02.924093993824869564
02.902868117379058255
02.900398191476582621
02.921024992236344708
02.967849005092257020
03.042681093273583492
03.145985958077722078
03.276787245836558338
03.432547645709227879
03.609082345915612500
03.800603668783486100
04.000000000000000000
03.000000000000000000
02.964609936560261172
02.935705701632579601
02.919317425454516002
02.920659762970938544
02.943904060065835715
02.992056851962548336
03.066888940143875253
03.168865025907212640
03.297048817330914261
03.448996953784684294
03.620694053723322092
03.806614700286488517
04.000000000000000000
03.000000000000000000
02.965700150643879152
02.937840497930503059
02.922372689727481099
02.924401368310286742
02.947989437886271435
02.996077515072459008
03.070445089216558010
03.171651386379040094
03.298928499109694101
03.450034222983476617
03.621121645772440001
03.806726262065446065
04.000000000000000000
03.000000000000000000
02.961881573471858875
02.930557393799781973
02.912174916447246353
02.911850283159969521
02.933558305387127696
02.980171722203076357
03.053515398530533886
03.154350938752181310
03.282246439293577289
03.435333816943367591
03.610006203917852652
03.800700358231615450
04.000000000000000000
03.000000000000000000
02.952732334762225186
02.913174530707065113
02.887974823089971110
02.882299474905047454
02.899940292735808889
02.943606721496135670
03.015165388557977444
03.115708926243707655
03.245406129688275243
03.403104044185556010
03.585711445121412044
03.787532636442086265
04.000000000000000000
03.000000000000000000
02.937235914321142616
02.884079986006518048
02.848026288054236854
02.834119163845653766
02.845620920832932832
02.884802844287369439
02.953483447068639745
03.053238219018563182
03.185251688131850667
03.349741401795848006
03.544849369928185112
03.765081712639281708
04.000000000000000000
03.000000000000000000
02.913362631018930671
02.840273988982343845
02.789343036670637765
02.764763913643683235
02.768432291195170425
02.801607544623885726
02.865835244642110702
02.963319399867858639
03.096855724500136908
03.269172303421184367
03.481254235169703115
03.729176152177560155
04.000000000000000000
03.000000000000000000
02.877012441568241652
02.776391936673565208
02.707277918602318145
02.670847629336707829
02.665924595965061705
02.691806656996226899
02.749376927241814261
02.841536962164628033
02.973365752459406597
03.151808488381689255
03.383900708794010281
03.671440755011412094
04.000000000000000000
03.000000000000000000
02.819183543182050666
02.682728214764317443
02.594990631566556072
02.548478649484835046
02.536082742640118237
02.554002169676699907
02.602014058314457756
02.683556345812152077
02.806317068799884407
02.983256616529068594
03.232824623615586201
03.573574481017216531
04.000000000000000000
03.000000000000000000
02.717677971812459958
02.541676100989469944
02.443374335584242107
02.394347810138502286
02.378599854354228604
02.388945030814713988
02.423960184224918990
02.487032146003151034
02.587443564398159701
02.743973364392984671
02.991895975345429282
03.390717195863342859
04.000000000000000000
03.000000000000000000
02.510317465881558796
02.323827141448425504
02.243771909483173399
02.208538026290646883
02.196841550410820965
02.201147486905648432
02.219779434347826985
02.254985975788758701
02.314051693215279482
02.414586312042619642
02.600972233496024355
02.997863527231560798
04.000000000000000000
02.000000000000000000
02.000000000000000000
02.000000000000000000
02.000000000000000000
02.000000000000000000
02.000000000000000000
02.000000000000000000
02.000000000000000000
02.000000000000000000
02.000000000000000000
02.000000000000000000
02.000000000000000000
02.000000000000000000
02.000000000000000000
